100
1.9785825449e+21 2.0989453734e+21 1.8522875541e+19 2.2319805229e+34 0.0000000000e+00 0.0000000000e+00 0.0000000000e+00 -1.4244113560e+13 8.9755566155e+14 0.0000000000e+00
1.6360472648e+21 1.3231783961e+21 -1.9253872091e+19 3.9773057401e+34 0.0000000000e+00 0.0000000000e+00 0.0000000000e+00 -4.7353227357e+13 5.9156067741e+14 0.0000000000e+00
2.3102744742e+21 1.6665850754e+21 -1.2861372674e+20 1.6207590959e+35 0.0000000000e+00 0.0000000000e+00 0.0000000000e+00 -5.7980809567e+13 7.5842272230e+14 0.0000000000e+00
2.5353528679e+21 1.6830216453e+21 -6.2724245157e+18 1.9201554513e+35 0.0000000000e+00 0.0000000000e+00 0.0000000000e+00 -3.6631527821e+13 5.1820707323e+14 0.0000000000e+00
2.4346651700e+21 8.3712020464e+20 6.2127279275e+19 9.7432067247e+34 0.0000000000e+00 0.0000000000e+00 0.0000000000e+00 -8.9374383990e+13 3.5828515824e+14 0.0000000000e+00
4.9916057957e+19 1.4362435977e+21 7.1348042110e+19 1.1260140778e+35 0.0000000000e+00 0.0000000000e+00 0.0000000000e+00 -4.6724707795e+13 8.8056186912e+14 0.0000000000e+00
5.6378623674e+20 1.4207543490e+21 3.8054344208e+19 4.7860005635e+34 0.0000000000e+00 0.0000000000e+00 0.0000000000e+00 -1.2223151242e+13 5.7844918980e+14 0.0000000000e+00
1.9765042018e+21 1.1722733537e+21 -4.0841016715e+19 1.1938768868e+35 0.0000000000e+00 0.0000000000e+00 0.0000000000e+00 -7.4463800575e+13 7.5883314339e+14 0.0000000000e+00
1.1340417117e+21 2.4767983071e+21 -1.4915118738e+20 4.7471866499e+34 0.0000000000e+00 0.0000000000e+00 0.0000000000e+00 -5.4305274770e+13 8.5262526867e+14 0.0000000000e+00
2.9651326409e+21 1.3616129631e+21 -3.7363979144e+19 1.3003817882e+35 0.0000000000e+00 0.0000000000e+00 0.0000000000e+00 -5.7295138135e+12 6.6438270797e+14 0.0000000000e+00
2.0081916642e+21 1.8217991750e+21 -2.2962820521e+19 1.8702987505e+35 0.0000000000e+00 0.0000000000e+00 0.0000000000e+00 -5.4099461496e+13 5.0829939402e+14 0.0000000000e+00
2.8868646065e+21 2.7026797233e+21 -2.3610490574e+19 5.6504981330e+34 0.0000000000e+00 0.0000000000e+00 0.0000000000e+00 -6.0745132818e+13 3.6919105957e+13 0.0000000000e+00
6.0796548161e+20 2.6142930738e+21 4.6670077134e+19 1.5717618650e+35 0.0000000000e+00 0.0000000000e+00 0.0000000000e+00 -5.2965962020e+13 7.5805780974e+13 0.0000000000e+00
2.6074223109e+21 2.6872942110e+21 1.4981928521e+20 2.6031696589e+34 0.0000000000e+00 0.0000000000e+00 0.0000000000e+00 -4.5494752126e+13 2.2031437094e+14 0.0000000000e+00
9.6984125895e+20 8.1487507933e+20 9.3202782789e+18 8.8323684066e+34 0.0000000000e+00 0.0000000000e+00 0.0000000000e+00 -3.4840409875e+13 2.1832184173e+14 0.0000000000e+00
2.9865065913e+21 1.0557714971e+20 -1.6352413492e+19 4.1471503510e+34 0.0000000000e+00 0.0000000000e+00 0.0000000000e+00 -1.8868970597e+13 2.9287238560e+14 0.0000000000e+00
4.7590441232e+20 7.8789960208e+20 -1.9558285791e+19 8.4249551196e+34 0.0000000000e+00 0.0000000000e+00 0.0000000000e+00 -5.1871018294e+13 3.0262292542e+14 0.0000000000e+00
1.5583135733e+21 8.4113876908e+20 9.3848306632e+18 5.2583073216e+34 0.0000000000e+00 0.0000000000e+00 0.0000000000e+00 -1.7279590928e+13 3.8418888519e+14 0.0000000000e+00
2.3928048031e+21 2.7444494661e+21 -6.2494764218e+19 8.7935724707e+34 0.0000000000e+00 0.0000000000e+00 0.0000000000e+00 -4.4143970572e+13 4.0885015505e+14 0.0000000000e+00
1.3057150065e+21 1.9594145677e+21 9.0689812574e+18 9.5760884325e+34 0.0000000000e+00 0.0000000000e+00 0.0000000000e+00 -6.2627902338e+13 1.1628447545e+14 0.0000000000e+00
1.4126776936e+21 2.4658255008e+20 3.4013790776e+19 7.5067662236e+34 0.0000000000e+00 0.0000000000e+00 0.0000000000e+00 -3.2382752840e+13 9.8384751563e+13 0.0000000000e+00
2.9768217908e+21 4.0857260276e+20 1.5820813497e+19 1.3807389594e+35 0.0000000000e+00 0.0000000000e+00 0.0000000000e+00 -2.6724024521e+13 6.4218664782e+14 0.0000000000e+00
1.2835799976e+21 4.6983054689e+20 3.4521538921e+19 1.8448035808e+35 0.0000000000e+00 0.0000000000e+00 0.0000000000e+00 -4.1840740940e+13 5.1067099071e+14 0.0000000000e+00
1.8230895996e+21 1.9026128360e+21 3.2726257125e+19 9.2765262438e+34 0.0000000000e+00 0.0000000000e+00 0.0000000000e+00 -8.9312901971e+13 3.8379527508e+14 0.0000000000e+00
1.6460069592e+20 2.2194795290e+21 -1.3368960468e+20 5.5911184336e+34 0.0000000000e+00 0.0000000000e+00 0.0000000000e+00 -7.8589512536e+13 5.5666113842e+14 0.0000000000e+00
2.5417900221e+21 2.5944053221e+21 4.8051853451e+19 6.9781903199e+34 0.0000000000e+00 0.0000000000e+00 0.0000000000e+00 -6.7662865930e+13 7.3223847691e+14 0.0000000000e+00
1.9561711718e+21 2.8388411103e+21 -5.0628070105e+19 1.7300373497e+35 0.0000000000e+00 0.0000000000e+00 0.0000000000e+00 -6.7915842533e+13 3.9117492468e+14 0.0000000000e+00
1.2193326704e+21 6.0874435419e+20 -8.2681064849e+19 1.2303472067e+35 0.0000000000e+00 0.0000000000e+00 0.0000000000e+00 -3.0918167262e+13 6.1002380676e+14 0.0000000000e+00
4.8799671583e+19 9.3489335890e+20 -8.3330890412e+19 1.0239511868e+35 0.0000000000e+00 0.0000000000e+00 0.0000000000e+00 -9.2935680823e+13 8.1423329107e+14 0.0000000000e+00
1.7856565006e+21 7.2529445409e+20 3.2710714510e+19 4.8353491517e+34 0.0000000000e+00 0.0000000000e+00 0.0000000000e+00 -2.3130290258e+13 7.8694892749e+14 0.0000000000e+00
3.8201326365e+19 1.0827424106e+21 -1.6793278259e+19 1.0146006608e+35 0.0000000000e+00 0.0000000000e+00 0.0000000000e+00 -6.9552084951e+13 3.8809692084e+14 0.0000000000e+00
3.6325067774e+18 2.7604592942e+21 -1.2690454475e+20 7.1156814695e+34 0.0000000000e+00 0.0000000000e+00 0.0000000000e+00 -6.5322163758e+13 5.7868497043e+14 0.0000000000e+00
1.8593854606e+21 1.7356897270e+21 3.6067953156e+19 1.8878265231e+35 0.0000000000e+00 0.0000000000e+00 0.0000000000e+00 -4.4694098441e+13 2.0085290135e+14 0.0000000000e+00
5.7045350922e+20 2.2278631461e+21 -1.0861843347e+20 1.7832505075e+35 0.0000000000e+00 0.0000000000e+00 0.0000000000e+00 -7.4230518767e+13 4.9803812359e+14 0.0000000000e+00
5.7911662505e+20 1.4791798546e+21 1.0549521500e+19 3.6720613752e+34 0.0000000000e+00 0.0000000000e+00 0.0000000000e+00 -1.0937424224e+13 9.1988124915e+14 0.0000000000e+00
1.9715735857e+21 8.7093182448e+19 1.7994743942e+19 1.1330389050e+35 0.0000000000e+00 0.0000000000e+00 0.0000000000e+00 -8.6590698629e+13 4.4971519052e+14 0.0000000000e+00
1.6205811320e+20 1.9374197674e+20 6.6816790814e+19 6.1700741565e+34 0.0000000000e+00 0.0000000000e+00 0.0000000000e+00 -5.2601877490e+13 8.3246995905e+14 0.0000000000e+00
9.4585798453e+20 1.6234517084e+21 1.3442811714e+20 9.4567105125e+34 0.0000000000e+00 0.0000000000e+00 0.0000000000e+00 -1.4255615368e+13 4.2748902179e+14 0.0000000000e+00
4.5098548066e+20 2.1693053071e+21 -1.0296482879e+20 1.7704696472e+35 0.0000000000e+00 0.0000000000e+00 0.0000000000e+00 -3.6369134152e+13 9.0937459484e+14 0.0000000000e+00
1.7509722840e+21 6.4986753208e+20 -3.9591524400e+18 1.1522595056e+35 0.0000000000e+00 0.0000000000e+00 0.0000000000e+00 -6.6997146213e+13 5.2120309675e+14 0.0000000000e+00
1.9972072370e+21 2.1787230943e+21 -2.0849498011e+19 8.1018080547e+34 0.0000000000e+00 0.0000000000e+00 0.0000000000e+00 -5.4838253001e+13 7.5850063336e+13 0.0000000000e+00
2.1763880062e+21 2.4465893044e+21 3.2726413806e+19 5.8662194309e+34 0.0000000000e+00 0.0000000000e+00 0.0000000000e+00 -2.7768064269e+13 5.6685221138e+14 0.0000000000e+00
7.7028781266e+20 1.2431065897e+21 1.6272208767e+19 1.6350478127e+35 0.0000000000e+00 0.0000000000e+00 0.0000000000e+00 -2.5314802957e+12 3.2609241284e+14 0.0000000000e+00
2.6935575044e+20 2.2526932447e+21 -2.6599614014e+19 1.3239251157e+35 0.0000000000e+00 0.0000000000e+00 0.0000000000e+00 -1.0116856743e+13 1.1223182260e+14 0.0000000000e+00
2.3746727665e+20 1.2193623901e+21 -3.3266070131e+19 1.0470534096e+35 0.0000000000e+00 0.0000000000e+00 0.0000000000e+00 -6.2253727219e+13 7.3183139948e+14 0.0000000000e+00
1.2861253732e+21 2.0472621997e+21 -8.4236217024e+19 6.0360383786e+34 0.0000000000e+00 0.0000000000e+00 0.0000000000e+00 -1.7061181376e+11 3.2943905917e+14 0.0000000000e+00
2.8545584266e+21 2.3057430948e+21 7.4534156393e+19 8.1023580866e+34 0.0000000000e+00 0.0000000000e+00 0.0000000000e+00 -9.4341003690e+13 6.7903513384e+14 0.0000000000e+00
6.5710622536e+20 2.9936345341e+21 3.4646955502e+19 1.9173453943e+35 0.0000000000e+00 0.0000000000e+00 0.0000000000e+00 -9.2057013654e+13 2.4819307663e+14 0.0000000000e+00
7.7484615285e+20 1.0424071261e+21 6.9245610524e+19 1.1391203353e+35 0.0000000000e+00 0.0000000000e+00 0.0000000000e+00 -1.6677511675e+13 2.4357206864e+14 0.0000000000e+00
3.0448240476e+20 1.2405210758e+21 -2.3419388497e+19 9.2783650726e+34 0.0000000000e+00 0.0000000000e+00 0.0000000000e+00 -7.5789108942e+13 8.4873056144e+14 0.0000000000e+00
1.8276110866e+21 4.9984133930e+20 -4.9558236113e+19 1.1414777408e+35 0.0000000000e+00 0.0000000000e+00 0.0000000000e+00 -8.8919603207e+13 3.1389497886e+14 0.0000000000e+00
2.0518563336e+21 6.1589249026e+20 -8.1358871777e+19 1.5972891925e+35 0.0000000000e+00 0.0000000000e+00 0.0000000000e+00 -7.2221327892e+13 5.3485720022e+14 0.0000000000e+00
1.9403663862e+21 2.0926661178e+21 2.7080331693e+19 8.2061069605e+34 0.0000000000e+00 0.0000000000e+00 0.0000000000e+00 -5.4332705342e+13 5.6007799751e+14 0.0000000000e+00
2.5988910735e+21 2.7676435911e+21 -7.8452398791e+19 5.3497858904e+34 0.0000000000e+00 0.0000000000e+00 0.0000000000e+00 -2.5508045593e+13 5.4671909936e+14 0.0000000000e+00
1.4680331701e+21 1.1909177441e+21 1.3948162855e+20 1.2538776347e+35 0.0000000000e+00 0.0000000000e+00 0.0000000000e+00 -3.5565207562e+13 8.3847885712e+14 0.0000000000e+00
4.0579134904e+20 5.4277054055e+20 -9.8661632744e+19 1.3959266668e+35 0.0000000000e+00 0.0000000000e+00 0.0000000000e+00 -7.2176533994e+13 5.9715728796e+14 0.0000000000e+00
8.7342468447e+20 8.6043028914e+20 2.0647655995e+19 1.4800112918e+35 0.0000000000e+00 0.0000000000e+00 0.0000000000e+00 -4.7026777521e+13 3.9164882804e+14 0.0000000000e+00
1.9992136598e+21 1.3733460451e+21 1.1821918766e+20 1.7795651059e+35 0.0000000000e+00 0.0000000000e+00 0.0000000000e+00 -6.9855172424e+12 8.2248297377e+14 0.0000000000e+00
1.8504021168e+21 8.7718269402e+20 4.5201322336e+19 8.7558627985e+34 0.0000000000e+00 0.0000000000e+00 0.0000000000e+00 -1.7513731731e+13 2.3143465299e+14 0.0000000000e+00
1.6025674456e+21 7.0494167286e+20 1.3254581608e+19 3.5207949916e+34 0.0000000000e+00 0.0000000000e+00 0.0000000000e+00 -6.4075518139e+13 4.9431704121e+14 0.0000000000e+00
2.0611866156e+21 2.2212011871e+21 -7.3072091163e+19 1.9146999932e+35 0.0000000000e+00 0.0000000000e+00 0.0000000000e+00 -1.6790636357e+12 9.0291512364e+14 0.0000000000e+00
1.9236455864e+21 2.3675972304e+19 -1.0425448528e+20 9.8855907517e+34 0.0000000000e+00 0.0000000000e+00 0.0000000000e+00 -2.7585722554e+13 5.9996038005e+14 0.0000000000e+00
2.6598385164e+21 1.6273977315e+21 5.8100280718e+19 1.3216944179e+35 0.0000000000e+00 0.0000000000e+00 0.0000000000e+00 -8.8760544641e+13 7.0201447182e+14 0.0000000000e+00
1.7685974272e+21 2.3955882236e+21 1.1363880932e+20 1.3978754784e+35 0.0000000000e+00 0.0000000000e+00 0.0000000000e+00 -9.1344036823e+13 5.6019857789e+14 0.0000000000e+00
2.3498189006e+21 8.0347696811e+20 -3.3111231782e+19 1.1858820810e+35 0.0000000000e+00 0.0000000000e+00 0.0000000000e+00 -7.8729147925e+13 7.3113396108e+14 0.0000000000e+00
7.5059819671e+20 1.8207337790e+21 -8.5942190750e+19 5.8196621323e+34 0.0000000000e+00 0.0000000000e+00 0.0000000000e+00 -2.5764646975e+13 8.7366396238e+14 0.0000000000e+00
2.0467550403e+21 2.0187405188e+21 -1.8546888353e+20 1.5550902522e+35 0.0000000000e+00 0.0000000000e+00 0.0000000000e+00 -7.7277721422e+13 2.4993945572e+14 0.0000000000e+00
2.7228218493e+21 1.9768645338e+21 -7.3998707454e+19 1.6411127258e+35 0.0000000000e+00 0.0000000000e+00 0.0000000000e+00 -4.6248915396e+13 1.9298449113e+14 0.0000000000e+00
1.1641401656e+21 1.3455741960e+21 -8.5754087666e+18 1.1973175670e+35 0.0000000000e+00 0.0000000000e+00 0.0000000000e+00 -8.5843603294e+13 4.2121603228e+14 0.0000000000e+00
2.3513364374e+21 1.0459723674e+21 1.2065384852e+20 1.0833243383e+35 0.0000000000e+00 0.0000000000e+00 0.0000000000e+00 -7.4899289570e+12 6.8520840150e+14 0.0000000000e+00
2.1874141110e+21 2.5228188524e+21 5.0787937079e+19 4.2035975494e+34 0.0000000000e+00 0.0000000000e+00 0.0000000000e+00 -6.2109085622e+13 2.2614320305e+14 0.0000000000e+00
1.7965006216e+20 2.2889898982e+21 2.3018693785e+19 3.6729306386e+34 0.0000000000e+00 0.0000000000e+00 0.0000000000e+00 -8.6973954356e+12 8.9470066731e+13 0.0000000000e+00
1.7549920784e+21 9.6954811336e+20 -3.0189028445e+19 8.1964782659e+34 0.0000000000e+00 0.0000000000e+00 0.0000000000e+00 -5.2187773285e+12 3.8165367138e+14 0.0000000000e+00
3.9291145589e+20 3.1091192883e+20 -4.3999853367e+19 7.6882479776e+34 0.0000000000e+00 0.0000000000e+00 0.0000000000e+00 -9.4092583799e+13 8.2610185106e+14 0.0000000000e+00
2.9193692618e+21 2.1671517215e+20 1.0605611123e+20 1.9063963974e+35 0.0000000000e+00 0.0000000000e+00 0.0000000000e+00 -5.0731822249e+13 6.3609161639e+14 0.0000000000e+00
2.4488278432e+21 2.8452490130e+20 1.5145722900e+19 1.6054903304e+35 0.0000000000e+00 0.0000000000e+00 0.0000000000e+00 -9.2338542169e+13 3.4428568923e+14 0.0000000000e+00
3.3114643216e+20 1.7590997321e+21 -1.5864122221e+20 1.3865830705e+35 0.0000000000e+00 0.0000000000e+00 0.0000000000e+00 -8.6443114744e+12 2.5011395367e+14 0.0000000000e+00
3.6744752890e+20 1.5591644665e+20 -5.0818566434e+19 1.1347990330e+35 0.0000000000e+00 0.0000000000e+00 0.0000000000e+00 -4.5593706199e+13 3.5248715199e+14 0.0000000000e+00
1.7941220941e+21 1.0168453086e+21 -6.4752399597e+19 5.1491285847e+34 0.0000000000e+00 0.0000000000e+00 0.0000000000e+00 -8.7577640475e+13 1.5180773183e+14 0.0000000000e+00
1.0408755277e+21 2.2731567004e+21 -4.1215619492e+19 1.9502849715e+35 0.0000000000e+00 0.0000000000e+00 0.0000000000e+00 -8.4232593359e+13 1.0101863448e+14 0.0000000000e+00
1.0534588268e+20 8.8834276654e+20 4.2471609319e+19 8.8242890331e+34 0.0000000000e+00 0.0000000000e+00 0.0000000000e+00 -5.8364926826e+13 8.0890242678e+14 0.0000000000e+00
1.6346740706e+21 2.3036637769e+21 -8.1067163314e+18 4.0794969761e+34 0.0000000000e+00 0.0000000000e+00 0.0000000000e+00 -5.6581963050e+12 9.3906776229e+14 0.0000000000e+00
1.1705165109e+21 2.2498195213e+21 -5.7994949584e+18 1.0925934785e+35 0.0000000000e+00 0.0000000000e+00 0.0000000000e+00 -2.9073150475e+13 2.0543421118e+14 0.0000000000e+00
3.0504885398e+20 7.4190628629e+20 9.9101550022e+19 1.7654260692e+35 0.0000000000e+00 0.0000000000e+00 0.0000000000e+00 -1.2532892605e+13 1.2859613720e+14 0.0000000000e+00
2.4201957438e+21 2.1995853395e+21 -5.2547989224e+19 1.7889504717e+35 0.0000000000e+00 0.0000000000e+00 0.0000000000e+00 -5.9979323212e+13 3.1564258123e+14 0.0000000000e+00
2.7617016776e+21 2.2567898943e+21 1.4065385423e+20 2.3813130061e+34 0.0000000000e+00 0.0000000000e+00 0.0000000000e+00 -9.0581638065e+13 3.9745026753e+14 0.0000000000e+00
2.2834004929e+21 1.1995159477e+21 -5.0650157769e+19 1.7871891805e+35 0.0000000000e+00 0.0000000000e+00 0.0000000000e+00 -2.4314211965e+12 2.6676038744e+14 0.0000000000e+00
2.4820705316e+21 6.3504901993e+20 6.7300039344e+18 6.9916657494e+34 0.0000000000e+00 0.0000000000e+00 0.0000000000e+00 -9.3046984890e+13 2.5845647862e+14 0.0000000000e+00
6.5336853201e+20 1.5731952952e+21 -2.1216811273e+19 2.8769388537e+34 0.0000000000e+00 0.0000000000e+00 0.0000000000e+00 -4.9559645782e+12 2.6086979030e+14 0.0000000000e+00
7.9546316587e+20 2.7807779206e+21 9.3119736226e+18 1.7190466283e+35 0.0000000000e+00 0.0000000000e+00 0.0000000000e+00 -5.9769075987e+13 6.9461646750e+14 0.0000000000e+00
6.2933611662e+20 1.9303632985e+21 3.3544466028e+19 1.7474969403e+35 0.0000000000e+00 0.0000000000e+00 0.0000000000e+00 -9.3717513103e+13 6.0811102885e+14 0.0000000000e+00
2.3089614359e+21 5.2188009784e+20 3.2732868865e+19 1.2738661563e+35 0.0000000000e+00 0.0000000000e+00 0.0000000000e+00 -2.9428355232e+13 6.0625818552e+14 0.0000000000e+00
2.8608137442e+21 2.0605603988e+21 -5.6822702595e+19 1.2352917662e+35 0.0000000000e+00 0.0000000000e+00 0.0000000000e+00 -1.8423039045e+12 4.2276148475e+14 0.0000000000e+00
2.1634146899e+21 1.2892987363e+21 -8.4723912413e+19 1.6576916608e+35 0.0000000000e+00 0.0000000000e+00 0.0000000000e+00 -3.2543090669e+12 8.6597155199e+14 0.0000000000e+00
2.6602666964e+21 1.7852339104e+21 1.8886431162e+20 1.6102451377e+35 0.0000000000e+00 0.0000000000e+00 0.0000000000e+00 -7.9436442526e+13 8.4133160106e+14 0.0000000000e+00
1.9275938684e+21 2.2154052577e+21 -3.6516618423e+19 1.7939311994e+35 0.0000000000e+00 0.0000000000e+00 0.0000000000e+00 -7.7513562706e+13 1.6510951654e+14 0.0000000000e+00
1.1699575799e+21 1.5541111069e+21 5.2755578498e+19 1.1969138339e+35 0.0000000000e+00 0.0000000000e+00 0.0000000000e+00 -4.1131647444e+13 2.4356023334e+14 0.0000000000e+00
1.2849485539e+21 2.4566036353e+21 -1.2129653688e+20 1.9311554233e+35 0.0000000000e+00 0.0000000000e+00 0.0000000000e+00 -3.4337367629e+13 5.0820208306e+14 0.0000000000e+00
2.2732008228e+20 2.1794655384e+21 -2.1096779717e+19 1.9815909763e+35 0.0000000000e+00 0.0000000000e+00 0.0000000000e+00 -2.4670035743e+13 1.4775328632e+14 0.0000000000e+00
9.4937815253e+19 1.8562913402e+21 -9.5971935215e+18 4.2497230892e+34 0.0000000000e+00 0.0000000000e+00 0.0000000000e+00 -7.7532255433e+13 3.8901867232e+14 0.0000000000e+00
