10
2.7001068902e+21 2.4317952466e+21 -4.0971005855e+18 9.2422636141e+34 0.0000000000e+00 0.0000000000e+00 0.0000000000e+00 -8.2541896961e+13 1.3122407369e+14 0.0000000000e+00
3.5089082679e+19 2.7893305406e+19 -5.2584233167e+18 4.6096010496e+34 0.0000000000e+00 0.0000000000e+00 0.0000000000e+00 -4.6190494112e+13 5.4558446126e+14 0.0000000000e+00
2.9150952295e+21 9.4314146918e+20 -5.6280174803e+17 1.4355628728e+35 0.0000000000e+00 0.0000000000e+00 0.0000000000e+00 -6.8253382191e+13 8.6570209550e+14 0.0000000000e+00
1.4291140315e+21 5.2637101943e+20 2.5924434029e+18 1.9758512868e+35 0.0000000000e+00 0.0000000000e+00 0.0000000000e+00 -7.9414982409e+13 9.7268627542e+13 0.0000000000e+00
2.4089162625e+21 1.7777195228e+21 -1.0837279288e+19 9.1889524559e+34 0.0000000000e+00 0.0000000000e+00 0.0000000000e+00 -5.4315593018e+13 2.8381615649e+14 0.0000000000e+00
3.8390203216e+20 7.6733375109e+20 4.1507193908e+18 1.3239970013e+35 0.0000000000e+00 0.0000000000e+00 0.0000000000e+00 -8.2269285291e+13 7.5323067614e+14 0.0000000000e+00
1.1949502272e+21 7.8165733577e+20 -6.0382128097e+18 1.9228889595e+35 0.0000000000e+00 0.0000000000e+00 0.0000000000e+00 -2.8497922651e+13 1.2775462121e+14 0.0000000000e+00
8.1926828100e+20 1.4738045186e+21 -1.3526652044e+17 1.6902798749e+35 0.0000000000e+00 0.0000000000e+00 0.0000000000e+00 -5.1479277557e+13 7.8949650594e+14 0.0000000000e+00
8.8022616937e+20 1.9698155207e+21 -2.6724496152e+17 1.0390664025e+35 0.0000000000e+00 0.0000000000e+00 0.0000000000e+00 -4.4387850430e+13 4.9700554799e+14 0.0000000000e+00
3.7198546101e+20 3.6609759838e+20 -3.9767138621e+18 1.5238490057e+35 0.0000000000e+00 0.0000000000e+00 0.0000000000e+00 -8.0814980034e+13 3.6172364768e+14 0.0000000000e+00
