100
1.7558460371e+21 9.7225957839e+19 -7.2593555667e+18 1.7325420397e+35 0.0000000000e+00 0.0000000000e+00 0.0000000000e+00 -1.5691495560e+13 6.0116790211e+14 0.0000000000e+00
1.5756180377e+21 1.3959304589e+21 1.6896876282e+15 9.8961127673e+34 0.0000000000e+00 0.0000000000e+00 0.0000000000e+00 -6.5874993132e+13 6.1525433934e+14 0.0000000000e+00
9.9868210373e+20 9.4606842502e+20 -7.1771720114e+17 8.8796999204e+34 0.0000000000e+00 0.0000000000e+00 0.0000000000e+00 -5.0269890619e+13 4.8128268512e+14 0.0000000000e+00
1.6371014427e+21 2.0072037139e+21 -1.0654110450e+19 1.5419994883e+35 0.0000000000e+00 0.0000000000e+00 0.0000000000e+00 -1.1945835084e+13 4.8800785960e+14 0.0000000000e+00
2.8936612800e+21 2.5340014917e+21 1.2486338514e+18 1.8342632126e+35 0.0000000000e+00 0.0000000000e+00 0.0000000000e+00 -8.9686068190e+13 5.5464536488e+14 0.0000000000e+00
6.2176052615e+20 1.0876211709e+21 7.2895237412e+18 1.5547162877e+35 0.0000000000e+00 0.0000000000e+00 0.0000000000e+00 -1.0494956842e+13 5.5917693148e+14 0.0000000000e+00
1.9762810396e+21 1.2883904995e+21 -8.5133371477e+18 6.2066715931e+34 0.0000000000e+00 0.0000000000e+00 0.0000000000e+00 -7.3922004281e+13 5.6942518548e+14 0.0000000000e+00
1.3097122296e+20 2.9634278736e+21 9.6008867313e+18 1.7907497910e+35 0.0000000000e+00 0.0000000000e+00 0.0000000000e+00 -3.0433589840e+13 5.8642530716e+14 0.0000000000e+00
2.0044470872e+20 2.3658600262e+21 -1.1771488876e+19 9.0462246569e+34 0.0000000000e+00 0.0000000000e+00 0.0000000000e+00 -3.9520999759e+13 6.6794696945e+14 0.0000000000e+00
1.6654175807e+21 2.7077620672e+21 1.5975210669e+19 1.2384695086e+35 0.0000000000e+00 0.0000000000e+00 0.0000000000e+00 -4.2324351135e+13 6.0005252110e+14 0.0000000000e+00
3.1670644623e+20 1.3241843819e+21 -3.1029599480e+18 1.6901040511e+35 0.0000000000e+00 0.0000000000e+00 0.0000000000e+00 -1.3314761314e+13 5.2420732692e+14 0.0000000000e+00
6.7442607472e+19 7.0644198362e+20 1.0986802411e+18 5.5212443929e+34 0.0000000000e+00 0.0000000000e+00 0.0000000000e+00 -8.5056680759e+13 5.9054463764e+14 0.0000000000e+00
5.1762622690e+20 1.2430039385e+21 -1.4275393304e+19 1.6070607367e+35 0.0000000000e+00 0.0000000000e+00 0.0000000000e+00 -6.1818685164e+13 4.1583756058e+14 0.0000000000e+00
1.7047147981e+21 2.1611654080e+21 -4.6881662151e+17 1.2737453188e+35 0.0000000000e+00 0.0000000000e+00 0.0000000000e+00 -4.3714905396e+13 2.5687511938e+14 0.0000000000e+00
2.1226830007e+21 3.3026096179e+20 1.7238980309e+18 1.7996581973e+35 0.0000000000e+00 0.0000000000e+00 0.0000000000e+00 -1.7865812588e+13 7.8015389252e+13 0.0000000000e+00
6.1108030658e+20 8.1627576075e+20 -6.5009307543e+17 5.2305848946e+34 0.0000000000e+00 0.0000000000e+00 0.0000000000e+00 -7.4181527253e+13 4.9761163614e+14 0.0000000000e+00
2.0168069815e+21 1.4074714759e+20 -4.2484467264e+18 9.6320004010e+34 0.0000000000e+00 0.0000000000e+00 0.0000000000e+00 -1.8657183714e+13 5.7928647353e+14 0.0000000000e+00
5.5071356726e+20 1.3048254743e+21 -7.1418292923e+18 1.6925948357e+35 0.0000000000e+00 0.0000000000e+00 0.0000000000e+00 -5.6837905875e+13 8.6607426922e+14 0.0000000000e+00
1.8514145136e+21 2.4972312312e+21 8.5298233444e+18 2.5275913881e+34 0.0000000000e+00 0.0000000000e+00 0.0000000000e+00 -7.6787796253e+13 3.2588449800e+14 0.0000000000e+00
1.2432943139e+21 7.4435011283e+19 2.3243983356e+17 4.1728613745e+34 0.0000000000e+00 0.0000000000e+00 0.0000000000e+00 -2.2817428521e+13 4.0767865052e+14 0.0000000000e+00
1.9731669192e+21 2.0381264039e+21 1.1624976681e+19 1.9717132716e+35 0.0000000000e+00 0.0000000000e+00 0.0000000000e+00 -8.6067146480e+13 1.8055003616e+14 0.0000000000e+00
3.0030692070e+21 2.8142725493e+21 -3.9723093669e+18 7.1493439752e+34 0.0000000000e+00 0.0000000000e+00 0.0000000000e+00 -4.5938331348e+13 1.0883358169e+14 0.0000000000e+00
2.8303316011e+21 7.1504828604e+20 -3.2805259615e+18 1.9451290330e+35 0.0000000000e+00 0.0000000000e+00 0.0000000000e+00 -8.8625500690e+13 6.6451938604e+14 0.0000000000e+00
1.2922345149e+19 2.0933899493e+21 6.1536585755e+18 5.4174839445e+34 0.0000000000e+00 0.0000000000e+00 0.0000000000e+00 -6.0929723682e+13 2.4648512553e+14 0.0000000000e+00
2.6722541908e+21 2.9428575375e+21 -1.2245346088e+19 8.5774842762e+34 0.0000000000e+00 0.0000000000e+00 0.0000000000e+00 -3.7767176423e+13 5.7572617672e+14 0.0000000000e+00
2.0066921984e+20 2.9041551855e+21 -9.1555810524e+18 1.5510666870e+35 0.0000000000e+00 0.0000000000e+00 0.0000000000e+00 -4.2023784564e+13 6.3866960679e+14 0.0000000000e+00
2.8762945970e+21 7.0901630456e+20 8.2805241089e+18 1.3827855251e+35 0.0000000000e+00 0.0000000000e+00 0.0000000000e+00 -5.6362938552e+13 4.3982953129e+14 0.0000000000e+00
8.5054989952e+20 3.0279911859e+20 -8.8422414960e+18 1.2471285553e+35 0.0000000000e+00 0.0000000000e+00 0.0000000000e+00 -5.4053625076e+13 7.8731954986e+14 0.0000000000e+00
1.1529811182e+21 4.4751669937e+20 -1.3724739910e+19 1.1564795949e+35 0.0000000000e+00 0.0000000000e+00 0.0000000000e+00 -7.3203891430e+13 3.9960661056e+14 0.0000000000e+00
2.7656410322e+20 2.1187436475e+21 1.4098037634e+19 1.7113488062e+35 0.0000000000e+00 0.0000000000e+00 0.0000000000e+00 -5.1513118883e+13 2.8591755490e+14 0.0000000000e+00
3.3883918464e+20 2.1903402861e+21 -1.0516354153e+19 6.3450998276e+34 0.0000000000e+00 0.0000000000e+00 0.0000000000e+00 -4.4254936953e+12 8.5370199192e+14 0.0000000000e+00
2.1933030259e+21 2.0348459430e+21 1.3891808604e+18 1.0017591532e+35 0.0000000000e+00 0.0000000000e+00 0.0000000000e+00 -1.4158041005e+13 8.1461508752e+14 0.0000000000e+00
2.8499946875e+21 1.0142845742e+21 5.2124777910e+17 4.9382664206e+34 0.0000000000e+00 0.0000000000e+00 0.0000000000e+00 -8.0923197633e+13 1.5352069228e+14 0.0000000000e+00
1.8432389578e+21 5.1238680419e+20 -2.1206190649e+19 1.2733538606e+35 0.0000000000e+00 0.0000000000e+00 0.0000000000e+00 -9.1853369478e+13 2.4939651208e+13 0.0000000000e+00
2.1604353469e+21 1.7527369755e+21 -2.0169069398e+18 6.6210974146e+34 0.0000000000e+00 0.0000000000e+00 0.0000000000e+00 -6.2934394470e+12 1.6505202177e+14 0.0000000000e+00
2.2996246892e+21 1.4597475853e+21 3.3832779673e+18 8.0952030773e+34 0.0000000000e+00 0.0000000000e+00 0.0000000000e+00 -4.4803926279e+13 2.9402307470e+14 0.0000000000e+00
7.9317348060e+20 2.1996214560e+21 2.6732642836e+18 1.0526903090e+35 0.0000000000e+00 0.0000000000e+00 0.0000000000e+00 -4.3754187337e+13 8.7933763249e+14 0.0000000000e+00
1.3650302612e+20 1.3320247175e+21 6.8170635593e+18 2.6610058402e+34 0.0000000000e+00 0.0000000000e+00 0.0000000000e+00 -2.0760041336e+13 5.4979935125e+14 0.0000000000e+00
5.6519411481e+18 1.0220145986e+21 -2.9236219710e+18 3.8142625219e+34 0.0000000000e+00 0.0000000000e+00 0.0000000000e+00 -6.4880313714e+13 3.4783208602e+14 0.0000000000e+00
1.0582595360e+21 8.8571834647e+20 5.3758460156e+18 1.4326035914e+35 0.0000000000e+00 0.0000000000e+00 0.0000000000e+00 -4.9049261117e+13 8.0285870862e+14 0.0000000000e+00
7.2873904071e+20 6.3821742591e+20 -5.2009878187e+18 9.7786673399e+34 0.0000000000e+00 0.0000000000e+00 0.0000000000e+00 -2.9667697562e+12 4.7780319779e+14 0.0000000000e+00
1.8807489420e+20 8.0202256333e+20 -1.0641976657e+19 1.7491311841e+35 0.0000000000e+00 0.0000000000e+00 0.0000000000e+00 -3.1038601792e+13 3.3223491078e+14 0.0000000000e+00
5.4181638675e+20 2.8619826443e+20 -9.7913605945e+18 1.4480755614e+35 0.0000000000e+00 0.0000000000e+00 0.0000000000e+00 -8.0117327335e+13 8.1652646647e+14 0.0000000000e+00
3.7573767497e+20 1.0468144590e+21 -1.1031623384e+19 2.3306119899e+34 0.0000000000e+00 0.0000000000e+00 0.0000000000e+00 -8.2059850733e+13 7.3644889424e+14 0.0000000000e+00
2.7611029527e+21 1.1036769371e+20 7.6173261277e+18 1.3101115144e+35 0.0000000000e+00 0.0000000000e+00 0.0000000000e+00 -7.5334483387e+13 7.3819034296e+14 0.0000000000e+00
4.2332645022e+20 5.6259699075e+20 -1.1427457126e+19 3.8458855527e+34 0.0000000000e+00 0.0000000000e+00 0.0000000000e+00 -2.2086058990e+13 5.0908162021e+14 0.0000000000e+00
1.6226230643e+21 2.2537532019e+21 2.0676230527e+18 1.6007306523e+35 0.0000000000e+00 0.0000000000e+00 0.0000000000e+00 -6.6708631991e+13 7.0060926080e+14 0.0000000000e+00
1.7899937725e+21 9.8226540783e+20 -2.0063980443e+18 1.9733811562e+35 0.0000000000e+00 0.0000000000e+00 0.0000000000e+00 -9.2647857996e+13 1.5484390440e+14 0.0000000000e+00
1.6402511834e+21 2.0167393172e+21 -7.7448348669e+17 1.1587795099e+35 0.0000000000e+00 0.0000000000e+00 0.0000000000e+00 -5.2851693187e+12 5.7780523243e+14 0.0000000000e+00
2.9895231846e+20 2.1635564420e+21 1.0288417042e+19 1.4270295789e+35 0.0000000000e+00 0.0000000000e+00 0.0000000000e+00 -7.8605555672e+13 8.5435827889e+14 0.0000000000e+00
9.6213345576e+20 1.7540173644e+21 -3.3079344856e+18 6.3869634566e+34 0.0000000000e+00 0.0000000000e+00 0.0000000000e+00 -9.3767899754e+13 2.4881754395e+14 0.0000000000e+00
1.5473386337e+20 2.8933497834e+21 4.6145337819e+18 9.9313515496e+34 0.0000000000e+00 0.0000000000e+00 0.0000000000e+00 -7.2222887234e+13 6.9928194553e+14 0.0000000000e+00
1.1941318007e+21 6.4705517469e+19 2.8341548617e+17 1.7337439699e+35 0.0000000000e+00 0.0000000000e+00 0.0000000000e+00 -7.2421966643e+13 4.4016551071e+14 0.0000000000e+00
5.6919157458e+20 2.2292536995e+21 -1.1469826430e+18 5.1501092913e+34 0.0000000000e+00 0.0000000000e+00 0.0000000000e+00 -5.4720381288e+13 7.3869058091e+13 0.0000000000e+00
1.6950069855e+21 2.8936180914e+21 1.7353267043e+19 6.8863940699e+34 0.0000000000e+00 0.0000000000e+00 0.0000000000e+00 -7.5369175604e+12 7.3727052805e+14 0.0000000000e+00
2.0908957326e+21 2.6023360792e+21 -1.0874923471e+19 1.0070022838e+35 0.0000000000e+00 0.0000000000e+00 0.0000000000e+00 -1.1437902116e+13 2.2686511392e+14 0.0000000000e+00
1.6059377381e+21 5.0670014387e+20 9.7264996984e+18 1.4791811130e+35 0.0000000000e+00 0.0000000000e+00 0.0000000000e+00 -5.1417313175e+13 5.8130582336e+14 0.0000000000e+00
1.3105263504e+21 9.8634368427e+20 4.9525875366e+18 8.8392120161e+34 0.0000000000e+00 0.0000000000e+00 0.0000000000e+00 -5.5771755475e+13 1.1189166652e+14 0.0000000000e+00
1.1689722641e+21 5.2045965275e+20 -3.6180160845e+18 1.8605187861e+35 0.0000000000e+00 0.0000000000e+00 0.0000000000e+00 -4.2128535758e+13 8.5932755399e+14 0.0000000000e+00
2.5402257561e+21 1.8147486420e+21 1.2293208214e+19 3.8588429229e+34 0.0000000000e+00 0.0000000000e+00 0.0000000000e+00 -7.1624327015e+13 2.7161332802e+14 0.0000000000e+00
6.6205282037e+20 2.1493833296e+21 -1.3943990798e+19 8.7493163249e+34 0.0000000000e+00 0.0000000000e+00 0.0000000000e+00 -8.9732300693e+13 1.9790091747e+14 0.0000000000e+00
2.2158709487e+21 9.5692863594e+20 -3.9367294293e+18 1.4733504114e+35 0.0000000000e+00 0.0000000000e+00 0.0000000000e+00 -5.7538212011e+12 1.9895032339e+14 0.0000000000e+00
2.2860816561e+21 1.6282308403e+21 -9.1179982312e+18 6.1865042666e+34 0.0000000000e+00 0.0000000000e+00 0.0000000000e+00 -7.6997484345e+13 8.2372140370e+14 0.0000000000e+00
1.2651456219e+21 2.0851982805e+21 3.1091697425e+18 1.3803694223e+35 0.0000000000e+00 0.0000000000e+00 0.0000000000e+00 -7.5889647440e+13 6.2536443821e+14 0.0000000000e+00
8.9725320846e+20 1.2716035665e+21 -8.3980686435e+18 5.0933733826e+34 0.0000000000e+00 0.0000000000e+00 0.0000000000e+00 -4.9943657778e+13 6.7666515909e+14 0.0000000000e+00
1.4200942049e+21 2.5774188709e+21 3.2674674782e+18 3.1779254420e+34 0.0000000000e+00 0.0000000000e+00 0.0000000000e+00 -4.8130388127e+13 4.7206266530e+14 0.0000000000e+00
2.8131962834e+20 2.3285377047e+21 -1.4066627574e+18 4.3288475851e+34 0.0000000000e+00 0.0000000000e+00 0.0000000000e+00 -9.2927581752e+13 4.0623949627e+14 0.0000000000e+00
1.3861683727e+20 1.9516061134e+20 -3.6167254973e+18 1.8645050070e+35 0.0000000000e+00 0.0000000000e+00 0.0000000000e+00 -8.0665510607e+13 1.0775146159e+14 0.0000000000e+00
3.3681845595e+20 1.8745561527e+21 2.9323434713e+18 1.1951502286e+35 0.0000000000e+00 0.0000000000e+00 0.0000000000e+00 -5.8871824493e+13 5.1281649217e+14 0.0000000000e+00
5.6480370495e+20 7.1021251280e+20 -2.0267501526e+18 1.6280060884e+35 0.0000000000e+00 0.0000000000e+00 0.0000000000e+00 -2.9942100799e+13 2.7511718282e+14 0.0000000000e+00
1.5216056438e+21 1.6825901228e+21 -8.2137498909e+18 8.0741869479e+34 0.0000000000e+00 0.0000000000e+00 0.0000000000e+00 -7.3047785120e+13 8.5420677685e+14 0.0000000000e+00
2.5626943679e+21 2.8878893199e+21 2.1136359207e+19 1.2675440778e+35 0.0000000000e+00 0.0000000000e+00 0.0000000000e+00 -5.4624837934e+13 7.1877889423e+14 0.0000000000e+00
7.1116855798e+20 2.6530091297e+21 -3.6756763960e+18 1.0946343462e+35 0.0000000000e+00 0.0000000000e+00 0.0000000000e+00 -4.1907382157e+13 4.0465745029e+14 0.0000000000e+00
2.8223189484e+21 1.2208305046e+21 -1.6731860510e+19 1.8923831633e+35 0.0000000000e+00 0.0000000000e+00 0.0000000000e+00 -1.0547260475e+13 2.1307664597e+14 0.0000000000e+00
2.8819120692e+21 8.7978882448e+20 -6.3536346139e+18 1.5416965450e+35 0.0000000000e+00 0.0000000000e+00 0.0000000000e+00 -6.3802792547e+13 7.0001595861e+14 0.0000000000e+00
2.8939740974e+21 7.0743653662e+20 -9.5616026138e+18 1.5115552657e+35 0.0000000000e+00 0.0000000000e+00 0.0000000000e+00 -8.2028465008e+13 1.1664088191e+14 0.0000000000e+00
2.5277643333e+21 1.6071298769e+21 6.2332686730e+18 3.0075576147e+34 0.0000000000e+00 0.0000000000e+00 0.0000000000e+00 -4.8352028412e+13 2.0764358079e+14 0.0000000000e+00
1.0980239731e+21 3.4480183193e+20 2.4268693166e+18 1.1914671359e+35 0.0000000000e+00 0.0000000000e+00 0.0000000000e+00 -2.3978575148e+13 2.5092138190e+14 0.0000000000e+00
2.1936004341e+20 1.6577119745e+21 3.0082880895e+18 1.0451527566e+35 0.0000000000e+00 0.0000000000e+00 0.0000000000e+00 -8.4272069192e+13 4.8490229498e+14 0.0000000000e+00
1.7166949325e+21 4.0249239832e+18 -2.7918195047e+18 1.8607134281e+35 0.0000000000e+00 0.0000000000e+00 0.0000000000e+00 -5.4466824727e+13 7.1082169000e+14 0.0000000000e+00
1.6861005978e+21 9.7737818559e+20 -2.1076976140e+18 6.7413928690e+34 0.0000000000e+00 0.0000000000e+00 0.0000000000e+00 -9.2989030878e+13 2.6949739598e+14 0.0000000000e+00
2.5652268651e+21 6.6376175914e+20 -2.7986751767e+18 6.9624524263e+34 0.0000000000e+00 0.0000000000e+00 0.0000000000e+00 -9.1495658308e+13 7.5320497229e+13 0.0000000000e+00
3.0059009918e+21 2.9311383081e+21 -6.1260257430e+17 9.4667828390e+34 0.0000000000e+00 0.0000000000e+00 0.0000000000e+00 -4.8950252835e+13 4.4153496061e+14 0.0000000000e+00
1.5336187512e+21 2.1948173205e+21 6.3025907698e+18 6.4941276480e+34 0.0000000000e+00 0.0000000000e+00 0.0000000000e+00 -6.6441626832e+13 6.6566239432e+14 0.0000000000e+00
1.0418257657e+21 1.0552539022e+21 2.5356889874e+18 4.4733989965e+34 0.0000000000e+00 0.0000000000e+00 0.0000000000e+00 -1.4664125703e+13 2.6887850445e+14 0.0000000000e+00
5.6105136548e+20 2.8020647115e+20 3.7733512995e+18 1.7360790945e+35 0.0000000000e+00 0.0000000000e+00 0.0000000000e+00 -3.7665165807e+13 2.4439548896e+14 0.0000000000e+00
1.4485871299e+19 1.5597041948e+21 3.7691719627e+18 1.2066985570e+35 0.0000000000e+00 0.0000000000e+00 0.0000000000e+00 -5.1697695499e+13 8.5006481873e+14 0.0000000000e+00
1.5365051239e+21 6.4418570584e+20 6.6731181900e+18 1.7430655841e+35 0.0000000000e+00 0.0000000000e+00 0.0000000000e+00 -5.6052416203e+13 8.5161202859e+14 0.0000000000e+00
1.6765553361e+21 1.6189443695e+21 2.1740920634e+18 1.6895716346e+35 0.0000000000e+00 0.0000000000e+00 0.0000000000e+00 -4.7597178103e+13 8.9100709932e+14 0.0000000000e+00
2.4896643321e+21 2.5211235849e+21 2.7075087084e+18 7.1785114986e+34 0.0000000000e+00 0.0000000000e+00 0.0000000000e+00 -9.0844342620e+13 6.9199902073e+14 0.0000000000e+00
1.5228132891e+21 1.8584619222e+21 8.9695430898e+18 1.1880477073e+35 0.0000000000e+00 0.0000000000e+00 0.0000000000e+00 -1.0149553126e+13 2.4486654677e+14 0.0000000000e+00
2.7659014763e+21 1.9127734502e+21 -5.0177714513e+18 3.6599418821e+34 0.0000000000e+00 0.0000000000e+00 0.0000000000e+00 -1.6064499783e+11 2.7513211210e+14 0.0000000000e+00
1.8955559323e+21 1.6328294124e+21 -6.4565777657e+18 1.8384324196e+35 0.0000000000e+00 0.0000000000e+00 0.0000000000e+00 -7.7490905726e+13 3.0707258048e+14 0.0000000000e+00
2.5361347670e+21 2.7984876793e+21 -8.9477784659e+18 9.3414266188e+34 0.0000000000e+00 0.0000000000e+00 0.0000000000e+00 -8.3275807652e+13 2.8246346996e+14 0.0000000000e+00
4.4757463565e+20 2.8124823016e+21 1.3800903825e+18 9.1540783873e+34 0.0000000000e+00 0.0000000000e+00 0.0000000000e+00 -8.1079919518e+13 8.2860732303e+14 0.0000000000e+00
2.5814044413e+21 1.5473986208e+21 -1.3986409760e+19 7.5450665883e+34 0.0000000000e+00 0.0000000000e+00 0.0000000000e+00 -3.2091517521e+13 7.3491587278e+14 0.0000000000e+00
2.0375841527e+21 9.2278213220e+20 3.4869526548e+18 1.0339547059e+35 0.0000000000e+00 0.0000000000e+00 0.0000000000e+00 -3.2052343790e+13 6.7951591242e+14 0.0000000000e+00
5.1376329190e+20 1.3870335837e+21 -8.2386189801e+17 6.6425984171e+34 0.0000000000e+00 0.0000000000e+00 0.0000000000e+00 -1.4397445369e+13 2.3872628670e+14 0.0000000000e+00
5.7270641848e+20 5.6303177901e+20 8.5608565351e+18 8.8209544967e+34 0.0000000000e+00 0.0000000000e+00 0.0000000000e+00 -2.3495290694e+13 8.4614349169e+14 0.0000000000e+00
2.7961788683e+21 1.9204871436e+21 -5.0696161075e+18 1.6343792066e+35 0.0000000000e+00 0.0000000000e+00 0.0000000000e+00 -5.2099419491e+13 7.4796464229e+14 0.0000000000e+00
