10
4.9387107713e+20 2.2033668528e+21 -1.1290031994e+19 1.2242747413e+35 0.0000000000e+00 0.0000000000e+00 0.0000000000e+00 -4.2411253357e+11 3.0794765275e+14 0.0000000000e+00
2.6291920619e+21 6.4258436795e+20 -1.0087498694e+20 1.6596217246e+35 0.0000000000e+00 0.0000000000e+00 0.0000000000e+00 -9.3377898473e+13 2.1672324121e+14 0.0000000000e+00
8.2164306477e+20 2.3776429029e+20 -9.3301004039e+17 1.5782814892e+35 0.0000000000e+00 0.0000000000e+00 0.0000000000e+00 -6.1051344133e+13 5.6944538768e+14 0.0000000000e+00
2.4406489292e+20 8.3568929964e+20 -2.4771815126e+19 1.6397678425e+35 0.0000000000e+00 0.0000000000e+00 0.0000000000e+00 -6.8067099342e+13 6.7601755438e+14 0.0000000000e+00
1.9822897211e+21 7.5117532651e+20 -3.7785811837e+18 1.7748503721e+35 0.0000000000e+00 0.0000000000e+00 0.0000000000e+00 -6.9838623980e+13 7.7164830038e+14 0.0000000000e+00
1.9731824620e+21 7.0785409606e+20 1.1104043638e+20 1.8781268353e+35 0.0000000000e+00 0.0000000000e+00 0.0000000000e+00 -7.3605282407e+13 7.4713746410e+14 0.0000000000e+00
2.8650480487e+20 5.8173254346e+20 1.3407317555e+19 9.3636970425e+34 0.0000000000e+00 0.0000000000e+00 0.0000000000e+00 -2.7538060443e+13 8.8926831213e+14 0.0000000000e+00
9.6229475937e+20 1.7346126744e+21 -5.9957035444e+19 1.2252671128e+35 0.0000000000e+00 0.0000000000e+00 0.0000000000e+00 -8.6648383339e+13 5.0339643993e+14 0.0000000000e+00
2.9963140471e+21 9.9021629009e+20 -5.3669087251e+19 1.6179432193e+35 0.0000000000e+00 0.0000000000e+00 0.0000000000e+00 -2.4462615186e+13 8.4443488086e+14 0.0000000000e+00
2.0474916810e+21 2.4758012554e+21 4.4902647977e+19 1.4524428077e+35 0.0000000000e+00 0.0000000000e+00 0.0000000000e+00 -2.9024233944e+13 7.5454650481e+14 0.0000000000e+00
