50
-2.817905e+19 -3.326529e+19 2.258553e+19 1.415955e+34 -2.185432e+04 -6.332254e+03 -3.263777e+03 -1.877932e+14 2.330509e+15 0.000000e+00 0.000000e+00 0.000000e+00 0.000000e+00
-3.412531e+19 8.923786e+18 -2.868810e+19 8.183211e+34 -9.702645e+03 -1.833468e+04 -2.213203e+04 -5.788143e+13 2.902453e+13 0.000000e+00 0.000000e+00 0.000000e+00 0.000000e+00
2.971426e+19 -6.740297e+18 -9.818784e+18 2.648654e+34 -1.297043e+04 -5.137215e+04 -6.228552e+04 -2.465199e+14 4.869807e+14 0.000000e+00 0.000000e+00 0.000000e+00 0.000000e+00
1.378344e+19 6.981765e+19 2.458780e+19 1.970417e+34 1.061925e+02 6.748125e+03 3.138906e+04 -5.328804e+13 1.020186e+15 0.000000e+00 0.000000e+00 0.000000e+00 0.000000e+00
-5.034393e+19 -3.100609e+19 -2.119333e+18 1.130197e+34 -1.156999e+04 -3.645258e+04 -6.169285e+04 -1.081499e+14 4.094395e+15 0.000000e+00 0.000000e+00 0.000000e+00 0.000000e+00
-4.026287e+19 -1.244750e+20 7.102885e+19 1.130172e+34 -3.252481e+04 1.691085e+04 4.994729e+04 -2.458924e+14 4.094616e+15 0.000000e+00 0.000000e+00 0.000000e+00 0.000000e+00
2.798816e+18 -5.445156e+18 1.462292e+19 1.040248e+34 -1.345652e+03 -3.711173e+04 -2.670183e+04 -2.947331e+14 5.037697e+15 0.000000e+00 0.000000e+00 0.000000e+00 0.000000e+00
-4.333517e+19 2.867251e+19 -6.209500e+19 4.328510e+34 -3.115485e+04 -1.044560e+04 3.936296e+04 -7.095835e+13 1.426358e+14 0.000000e+00 0.000000e+00 0.000000e+00 0.000000e+00
-3.728035e+19 -8.908611e+19 4.458168e+19 1.979378e+34 3.645521e+04 -2.728001e+03 8.396978e+03 -2.463078e+14 1.008678e+15 0.000000e+00 0.000000e+00 0.000000e+00 0.000000e+00
-2.912023e+19 8.384553e+19 -5.684374e+19 2.489078e+34 -2.946600e+04 -5.349963e+04 6.140121e+04 -3.498388e+13 5.688246e+14 0.000000e+00 0.000000e+00 0.000000e+00 0.000000e+00
2.759505e+19 -2.123129e+19 -9.123165e+19 1.067968e+35 -7.981752e+04 -5.765777e+04 6.166759e+04 -2.744309e+14 1.491691e+13 0.000000e+00 0.000000e+00 0.000000e+00 0.000000e+00
-8.252115e+18 -4.157812e+19 -1.638003e+19 1.190620e+34 -2.582871e+03 -3.421679e+04 2.489434e+04 -1.209833e+14 3.594529e+15 0.000000e+00 0.000000e+00 0.000000e+00 0.000000e+00
-4.146444e+19 4.180353e+19 -1.961286e+19 1.156987e+34 2.239389e+04 -4.104414e+04 -1.524178e+04 -9.707778e+13 3.861478e+15 0.000000e+00 0.000000e+00 0.000000e+00 0.000000e+00
3.014041e+18 -6.399131e+18 9.404140e+18 1.158674e+34 2.580120e+04 -2.401365e+04 1.166894e+04 -1.079470e+14 3.847434e+15 0.000000e+00 0.000000e+00 0.000000e+00 0.000000e+00
7.943911e+18 1.302595e+18 4.447960e+18 1.307150e+34 4.391427e+04 -7.603757e+04 -8.915452e+03 -2.156968e+14 2.846170e+15 0.000000e+00 0.000000e+00 0.000000e+00 0.000000e+00
9.857273e+18 7.424894e+18 3.543428e+19 1.738326e+34 5.507445e+03 -5.621184e+04 -1.513500e+04 -3.925490e+13 1.395554e+15 0.000000e+00 0.000000e+00 0.000000e+00 0.000000e+00
-1.288168e+19 -2.069090e+19 4.927060e+18 1.521784e+34 3.135673e+04 -2.029602e+04 -4.665866e+04 -7.259420e+13 1.946222e+15 0.000000e+00 0.000000e+00 0.000000e+00 0.000000e+00
-8.607533e+18 3.246464e+19 -2.026268e+19 1.289067e+34 3.420736e+04 1.763667e+04 7.863985e+01 -1.544613e+14 2.947039e+15 0.000000e+00 0.000000e+00 0.000000e+00 0.000000e+00
2.872965e+19 -9.058955e+18 -1.106133e+19 2.019678e+34 -6.380286e+03 3.691248e+04 1.207721e+04 -1.251055e+14 9.591120e+14 0.000000e+00 0.000000e+00 0.000000e+00 0.000000e+00
-1.302769e+19 5.534806e+18 -5.467611e+18 1.113776e+34 1.818592e+04 -1.990809e+04 -6.095680e+04 -1.367492e+14 4.246977e+15 0.000000e+00 0.000000e+00 0.000000e+00 0.000000e+00
-3.992894e+18 -8.226191e+18 3.371324e+18 1.402230e+34 1.740343e+04 3.931116e+04 -5.062594e+03 -1.680914e+13 2.387956e+15 0.000000e+00 0.000000e+00 0.000000e+00 0.000000e+00
1.092227e+19 -9.854349e+19 6.120653e+18 1.571945e+34 2.618127e+04 -8.108662e+03 -6.425882e+02 -3.266712e+13 1.794657e+15 0.000000e+00 0.000000e+00 0.000000e+00 0.000000e+00
-2.872002e+19 4.445505e+18 -6.841665e+18 3.106024e+34 5.473182e+04 -6.665975e+03 -9.223223e+03 -2.410936e+14 3.270113e+14 0.000000e+00 0.000000e+00 0.000000e+00 0.000000e+00
-2.923654e+19 6.177653e+19 -4.647747e+19 1.948053e+34 -6.487620e+04 2.574518e+04 -2.108600e+04 -2.324961e+14 1.049718e+15 0.000000e+00 0.000000e+00 0.000000e+00 0.000000e+00
2.412122e+19 4.742212e+19 -6.743106e+19 1.030637e+34 1.729717e+03 -7.442548e+03 -1.236740e+04 -5.853690e+12 5.155968e+15 0.000000e+00 0.000000e+00 0.000000e+00 0.000000e+00
-4.665972e+18 -5.072513e+18 4.792364e+18 2.003285e+34 -7.018795e+03 1.610803e+03 4.118506e+04 -2.407582e+14 9.788540e+14 0.000000e+00 0.000000e+00 0.000000e+00 0.000000e+00
4.341356e+19 -3.857460e+18 -7.130839e+19 9.979385e+34 4.706426e+04 2.444562e+04 4.433761e+04 -1.467076e+13 1.767320e+13 0.000000e+00 0.000000e+00 0.000000e+00 0.000000e+00
-1.923212e+19 3.077587e+19 2.909109e+19 3.369570e+34 2.507154e+04 1.929133e+04 5.039945e+04 -1.104537e+14 2.667709e+14 0.000000e+00 0.000000e+00 0.000000e+00 0.000000e+00
2.169632e+19 2.817570e+19 -2.213716e+19 1.074564e+34 -4.633592e+04 -1.964050e+04 -2.475308e+04 -2.995575e+14 4.645093e+15 0.000000e+00 0.000000e+00 0.000000e+00 0.000000e+00
4.109625e+19 1.074317e+19 5.461548e+19 2.350456e+34 -1.308300e+04 2.560739e+04 -3.446732e+04 -2.094851e+14 6.564388e+14 0.000000e+00 0.000000e+00 0.000000e+00 0.000000e+00
1.007061e+19 2.117485e+18 -2.251243e+19 1.538432e+34 1.347039e+04 -1.642442e+04 -9.107481e+03 -1.652001e+14 1.893996e+15 0.000000e+00 0.000000e+00 0.000000e+00 0.000000e+00
2.156976e+19 1.239390e+19 1.452016e+19 1.661921e+34 3.486015e+03 5.847271e+04 -2.116873e+04 -5.263583e+13 1.561525e+15 0.000000e+00 0.000000e+00 0.000000e+00 0.000000e+00
-3.280155e+19 -2.512677e+18 1.517025e+19 1.020885e+34 -5.776092e+03 -3.264213e+04 -2.148574e+04 -2.117373e+14 5.279989e+15 0.000000e+00 0.000000e+00 0.000000e+00 0.000000e+00
-2.911155e+19 5.498174e+19 -2.891347e+19 5.617080e+34 -3.903434e+04 1.104224e+04 1.639544e+04 -2.174160e+14 7.435295e+13 0.000000e+00 0.000000e+00 0.000000e+00 0.000000e+00
-2.637368e+19 4.419587e+19 -9.345428e+19 1.246379e+34 1.955414e+04 -2.192500e+04 1.912393e+04 -2.514578e+13 3.205896e+15 0.000000e+00 0.000000e+00 0.000000e+00 0.000000e+00
-3.542773e+19 -4.049620e+19 5.521014e+19 2.238700e+34 6.029486e+02 1.052778e+03 -3.863824e+04 -2.904357e+14 7.414549e+14 0.000000e+00 0.000000e+00 0.000000e+00 0.000000e+00
1.775447e+19 2.921852e+19 -1.372782e+19 1.317796e+34 1.928771e+03 9.066772e+03 5.711164e+03 -1.414323e+14 2.789039e+15 0.000000e+00 0.000000e+00 0.000000e+00 0.000000e+00
3.838906e+17 -3.677657e+18 -2.835904e+18 1.725679e+34 1.007775e+04 2.589450e+04 -3.390335e+04 -1.563431e+14 1.421264e+15 0.000000e+00 0.000000e+00 0.000000e+00 0.000000e+00
-9.110329e+19 -5.160912e+19 3.365270e+18 1.800507e+34 -1.028657e+04 1.998979e+04 -6.509908e+03 -2.972789e+14 1.278168e+15 0.000000e+00 0.000000e+00 0.000000e+00 0.000000e+00
-3.282190e+19 3.730437e+19 -1.111319e+20 1.062247e+35 2.854764e+04 5.937300e+03 -6.219724e+04 -2.876843e+14 1.511858e+13 0.000000e+00 0.000000e+00 0.000000e+00 0.000000e+00
4.837083e+19 -5.274062e+18 3.053958e+19 3.006048e+34 2.458554e+04 -9.069193e+02 -5.608175e+04 -1.949028e+14 3.548826e+14 0.000000e+00 0.000000e+00 0.000000e+00 0.000000e+00
5.115788e+19 -8.630021e+18 -7.822949e+18 5.094180e+34 -1.146183e+04 -3.892032e+04 2.721978e+04 -2.730509e+14 9.492682e+13 0.000000e+00 0.000000e+00 0.000000e+00 0.000000e+00
5.552350e+19 9.532536e+18 3.151056e+19 1.967669e+34 -4.314925e+03 -2.754137e+04 2.912553e+04 -1.645952e+14 1.023752e+15 0.000000e+00 0.000000e+00 0.000000e+00 0.000000e+00
-2.968051e+18 -2.131165e+19 5.517011e+19 6.183040e+34 1.200853e+04 -4.824995e+03 -3.877609e+04 -1.233408e+14 5.848837e+13 0.000000e+00 0.000000e+00 0.000000e+00 0.000000e+00
1.919185e+19 -4.313853e+19 -3.041843e+19 1.066376e+34 -3.094907e+04 -2.535263e+04 2.700073e+04 -9.732114e+13 4.734766e+15 0.000000e+00 0.000000e+00 0.000000e+00 0.000000e+00
7.285454e+19 2.528852e+19 -7.835460e+19 1.172317e+34 -5.863291e+04 1.400060e+03 -5.911921e+03 -1.430252e+14 3.736478e+15 0.000000e+00 0.000000e+00 0.000000e+00 0.000000e+00
-3.212361e+19 -1.739025e+19 5.348084e+19 1.029638e+34 3.106089e+04 1.064441e+04 2.002427e+04 -1.956304e+14 5.168480e+15 0.000000e+00 0.000000e+00 0.000000e+00 0.000000e+00
1.329351e+19 -3.927573e+19 1.488673e+19 1.337730e+34 -2.047832e+04 -3.768653e+04 -8.394666e+03 -2.744393e+14 2.686293e+15 0.000000e+00 0.000000e+00 0.000000e+00 0.000000e+00
-3.593458e+19 -1.449950e+19 -4.843428e+18 1.440425e+34 2.252957e+04 2.854576e+04 -1.186534e+04 -2.373130e+14 2.232789e+15 0.000000e+00 0.000000e+00 0.000000e+00 0.000000e+00
1.533635e+19 6.501332e+18 2.467264e+18 1.262523e+34 -3.155233e+04 -3.193070e+04 -2.159063e+03 -1.830912e+14 3.104388e+15 0.000000e+00 0.000000e+00 0.000000e+00 0.000000e+00
