500
-2.817905e+19 -3.326529e+19 2.258553e+19 1.415955e+34 -2.185432e+04 -6.332254e+03 -3.263777e+03 -1.877932e+14 2.330509e+15 0.000000e+00 0.000000e+00 0.000000e+00 0.000000e+00
-3.412531e+19 8.923786e+18 -2.868810e+19 8.183211e+34 -9.702645e+03 -1.833468e+04 -2.213203e+04 -5.788143e+13 2.902453e+13 0.000000e+00 0.000000e+00 0.000000e+00 0.000000e+00
2.971426e+19 -6.740297e+18 -9.818784e+18 2.648654e+34 -1.297043e+04 -5.137215e+04 -6.228552e+04 -2.465199e+14 4.869807e+14 0.000000e+00 0.000000e+00 0.000000e+00 0.000000e+00
1.378344e+19 6.981765e+19 2.458780e+19 1.970417e+34 1.061925e+02 6.748125e+03 3.138906e+04 -5.328804e+13 1.020186e+15 0.000000e+00 0.000000e+00 0.000000e+00 0.000000e+00
-5.034393e+19 -3.100609e+19 -2.119333e+18 1.130197e+34 -1.156999e+04 -3.645258e+04 -6.169285e+04 -1.081499e+14 4.094395e+15 0.000000e+00 0.000000e+00 0.000000e+00 0.000000e+00
-4.026287e+19 -1.244750e+20 7.102885e+19 1.130172e+34 -3.252481e+04 1.691085e+04 4.994729e+04 -2.458924e+14 4.094616e+15 0.000000e+00 0.000000e+00 0.000000e+00 0.000000e+00
2.798816e+18 -5.445156e+18 1.462292e+19 1.040248e+34 -1.345652e+03 -3.711173e+04 -2.670183e+04 -2.947331e+14 5.037697e+15 0.000000e+00 0.000000e+00 0.000000e+00 0.000000e+00
-4.333517e+19 2.867251e+19 -6.209500e+19 4.328510e+34 -3.115485e+04 -1.044560e+04 3.936296e+04 -7.095835e+13 1.426358e+14 0.000000e+00 0.000000e+00 0.000000e+00 0.000000e+00
-3.728035e+19 -8.908611e+19 4.458168e+19 1.979378e+34 3.645521e+04 -2.728001e+03 8.396978e+03 -2.463078e+14 1.008678e+15 0.000000e+00 0.000000e+00 0.000000e+00 0.000000e+00
-2.912023e+19 8.384553e+19 -5.684374e+19 2.489078e+34 -2.946600e+04 -5.349963e+04 6.140121e+04 -3.498388e+13 5.688246e+14 0.000000e+00 0.000000e+00 0.000000e+00 0.000000e+00
2.759505e+19 -2.123129e+19 -9.123165e+19 1.067968e+35 -7.981752e+04 -5.765777e+04 6.166759e+04 -2.744309e+14 1.491691e+13 0.000000e+00 0.000000e+00 0.000000e+00 0.000000e+00
-8.252115e+18 -4.157812e+19 -1.638003e+19 1.190620e+34 -2.582871e+03 -3.421679e+04 2.489434e+04 -1.209833e+14 3.594529e+15 0.000000e+00 0.000000e+00 0.000000e+00 0.000000e+00
-4.146444e+19 4.180353e+19 -1.961286e+19 1.156987e+34 2.239389e+04 -4.104414e+04 -1.524178e+04 -9.707778e+13 3.861478e+15 0.000000e+00 0.000000e+00 0.000000e+00 0.000000e+00
3.014041e+18 -6.399131e+18 9.404140e+18 1.158674e+34 2.580120e+04 -2.401365e+04 1.166894e+04 -1.079470e+14 3.847434e+15 0.000000e+00 0.000000e+00 0.000000e+00 0.000000e+00
7.943911e+18 1.302595e+18 4.447960e+18 1.307150e+34 4.391427e+04 -7.603757e+04 -8.915452e+03 -2.156968e+14 2.846170e+15 0.000000e+00 0.000000e+00 0.000000e+00 0.000000e+00
9.857273e+18 7.424894e+18 3.543428e+19 1.738326e+34 5.507445e+03 -5.621184e+04 -1.513500e+04 -3.925490e+13 1.395554e+15 0.000000e+00 0.000000e+00 0.000000e+00 0.000000e+00
-1.288168e+19 -2.069090e+19 4.927060e+18 1.521784e+34 3.135673e+04 -2.029602e+04 -4.665866e+04 -7.259420e+13 1.946222e+15 0.000000e+00 0.000000e+00 0.000000e+00 0.000000e+00
-8.607533e+18 3.246464e+19 -2.026268e+19 1.289067e+34 3.420736e+04 1.763667e+04 7.863985e+01 -1.544613e+14 2.947039e+15 0.000000e+00 0.000000e+00 0.000000e+00 0.000000e+00
2.872965e+19 -9.058955e+18 -1.106133e+19 2.019678e+34 -6.380286e+03 3.691248e+04 1.207721e+04 -1.251055e+14 9.591120e+14 0.000000e+00 0.000000e+00 0.000000e+00 0.000000e+00
-1.302769e+19 5.534806e+18 -5.467611e+18 1.113776e+34 1.818592e+04 -1.990809e+04 -6.095680e+04 -1.367492e+14 4.246977e+15 0.000000e+00 0.000000e+00 0.000000e+00 0.000000e+00
-3.992894e+18 -8.226191e+18 3.371324e+18 1.402230e+34 1.740343e+04 3.931116e+04 -5.062594e+03 -1.680914e+13 2.387956e+15 0.000000e+00 0.000000e+00 0.000000e+00 0.000000e+00
1.092227e+19 -9.854349e+19 6.120653e+18 1.571945e+34 2.618127e+04 -8.108662e+03 -6.425882e+02 -3.266712e+13 1.794657e+15 0.000000e+00 0.000000e+00 0.000000e+00 0.000000e+00
-2.872002e+19 4.445505e+18 -6.841665e+18 3.106024e+34 5.473182e+04 -6.665975e+03 -9.223223e+03 -2.410936e+14 3.270113e+14 0.000000e+00 0.000000e+00 0.000000e+00 0.000000e+00
-2.923654e+19 6.177653e+19 -4.647747e+19 1.948053e+34 -6.487620e+04 2.574518e+04 -2.108600e+04 -2.324961e+14 1.049718e+15 0.000000e+00 0.000000e+00 0.000000e+00 0.000000e+00
2.412122e+19 4.742212e+19 -6.743106e+19 1.030637e+34 1.729717e+03 -7.442548e+03 -1.236740e+04 -5.853690e+12 5.155968e+15 0.000000e+00 0.000000e+00 0.000000e+00 0.000000e+00
-4.665972e+18 -5.072513e+18 4.792364e+18 2.003285e+34 -7.018795e+03 1.610803e+03 4.118506e+04 -2.407582e+14 9.788540e+14 0.000000e+00 0.000000e+00 0.000000e+00 0.000000e+00
4.341356e+19 -3.857460e+18 -7.130839e+19 9.979385e+34 4.706426e+04 2.444562e+04 4.433761e+04 -1.467076e+13 1.767320e+13 0.000000e+00 0.000000e+00 0.000000e+00 0.000000e+00
-1.923212e+19 3.077587e+19 2.909109e+19 3.369570e+34 2.507154e+04 1.929133e+04 5.039945e+04 -1.104537e+14 2.667709e+14 0.000000e+00 0.000000e+00 0.000000e+00 0.000000e+00
2.169632e+19 2.817570e+19 -2.213716e+19 1.074564e+34 -4.633592e+04 -1.964050e+04 -2.475308e+04 -2.995575e+14 4.645093e+15 0.000000e+00 0.000000e+00 0.000000e+00 0.000000e+00
4.109625e+19 1.074317e+19 5.461548e+19 2.350456e+34 -1.308300e+04 2.560739e+04 -3.446732e+04 -2.094851e+14 6.564388e+14 0.000000e+00 0.000000e+00 0.000000e+00 0.000000e+00
1.007061e+19 2.117485e+18 -2.251243e+19 1.538432e+34 1.347039e+04 -1.642442e+04 -9.107481e+03 -1.652001e+14 1.893996e+15 0.000000e+00 0.000000e+00 0.000000e+00 0.000000e+00
2.156976e+19 1.239390e+19 1.452016e+19 1.661921e+34 3.486015e+03 5.847271e+04 -2.116873e+04 -5.263583e+13 1.561525e+15 0.000000e+00 0.000000e+00 0.000000e+00 0.000000e+00
-3.280155e+19 -2.512677e+18 1.517025e+19 1.020885e+34 -5.776092e+03 -3.264213e+04 -2.148574e+04 -2.117373e+14 5.279989e+15 0.000000e+00 0.000000e+00 0.000000e+00 0.000000e+00
-2.911155e+19 5.498174e+19 -2.891347e+19 5.617080e+34 -3.903434e+04 1.104224e+04 1.639544e+04 -2.174160e+14 7.435295e+13 0.000000e+00 0.000000e+00 0.000000e+00 0.000000e+00
-2.637368e+19 4.419587e+19 -9.345428e+19 1.246379e+34 1.955414e+04 -2.192500e+04 1.912393e+04 -2.514578e+13 3.205896e+15 0.000000e+00 0.000000e+00 0.000000e+00 0.000000e+00
-3.542773e+19 -4.049620e+19 5.521014e+19 2.238700e+34 6.029486e+02 1.052778e+03 -3.863824e+04 -2.904357e+14 7.414549e+14 0.000000e+00 0.000000e+00 0.000000e+00 0.000000e+00
1.775447e+19 2.921852e+19 -1.372782e+19 1.317796e+34 1.928771e+03 9.066772e+03 5.711164e+03 -1.414323e+14 2.789039e+15 0.000000e+00 0.000000e+00 0.000000e+00 0.000000e+00
3.838906e+17 -3.677657e+18 -2.835904e+18 1.725679e+34 1.007775e+04 2.589450e+04 -3.390335e+04 -1.563431e+14 1.421264e+15 0.000000e+00 0.000000e+00 0.000000e+00 0.000000e+00
-9.110329e+19 -5.160912e+19 3.365270e+18 1.800507e+34 -1.028657e+04 1.998979e+04 -6.509908e+03 -2.972789e+14 1.278168e+15 0.000000e+00 0.000000e+00 0.000000e+00 0.000000e+00
-3.282190e+19 3.730437e+19 -1.111319e+20 1.062247e+35 2.854764e+04 5.937300e+03 -6.219724e+04 -2.876843e+14 1.511858e+13 0.000000e+00 0.000000e+00 0.000000e+00 0.000000e+00
4.837083e+19 -5.274062e+18 3.053958e+19 3.006048e+34 2.458554e+04 -9.069193e+02 -5.608175e+04 -1.949028e+14 3.548826e+14 0.000000e+00 0.000000e+00 0.000000e+00 0.000000e+00
5.115788e+19 -8.630021e+18 -7.822949e+18 5.094180e+34 -1.146183e+04 -3.892032e+04 2.721978e+04 -2.730509e+14 9.492682e+13 0.000000e+00 0.000000e+00 0.000000e+00 0.000000e+00
5.552350e+19 9.532536e+18 3.151056e+19 1.967669e+34 -4.314925e+03 -2.754137e+04 2.912553e+04 -1.645952e+14 1.023752e+15 0.000000e+00 0.000000e+00 0.000000e+00 0.000000e+00
-2.968051e+18 -2.131165e+19 5.517011e+19 6.183040e+34 1.200853e+04 -4.824995e+03 -3.877609e+04 -1.233408e+14 5.848837e+13 0.000000e+00 0.000000e+00 0.000000e+00 0.000000e+00
1.919185e+19 -4.313853e+19 -3.041843e+19 1.066376e+34 -3.094907e+04 -2.535263e+04 2.700073e+04 -9.732114e+13 4.734766e+15 0.000000e+00 0.000000e+00 0.000000e+00 0.000000e+00
7.285454e+19 2.528852e+19 -7.835460e+19 1.172317e+34 -5.863291e+04 1.400060e+03 -5.911921e+03 -1.430252e+14 3.736478e+15 0.000000e+00 0.000000e+00 0.000000e+00 0.000000e+00
-3.212361e+19 -1.739025e+19 5.348084e+19 1.029638e+34 3.106089e+04 1.064441e+04 2.002427e+04 -1.956304e+14 5.168480e+15 0.000000e+00 0.000000e+00 0.000000e+00 0.000000e+00
1.329351e+19 -3.927573e+19 1.488673e+19 1.337730e+34 -2.047832e+04 -3.768653e+04 -8.394666e+03 -2.744393e+14 2.686293e+15 0.000000e+00 0.000000e+00 0.000000e+00 0.000000e+00
-3.593458e+19 -1.449950e+19 -4.843428e+18 1.440425e+34 2.252957e+04 2.854576e+04 -1.186534e+04 -2.373130e+14 2.232789e+15 0.000000e+00 0.000000e+00 0.000000e+00 0.000000e+00
1.533635e+19 6.501332e+18 2.467264e+18 1.262523e+34 -3.155233e+04 -3.193070e+04 -2.159063e+03 -1.830912e+14 3.104388e+15 0.000000e+00 0.000000e+00 0.000000e+00 0.000000e+00
-2.178802e+19 -5.871481e+19 3.531923e+19 3.647255e+34 1.377278e+03 5.160290e+04 6.424449e+03 -2.393126e+13 2.188564e+14 0.000000e+00 0.000000e+00 0.000000e+00 0.000000e+00
2.851092e+19 1.141215e+19 2.001767e+19 1.386490e+34 1.713440e+04 -2.281051e+04 3.729123e+03 -2.514679e+14 2.456307e+15 0.000000e+00 0.000000e+00 0.000000e+00 0.000000e+00
6.585254e+18 -1.459232e+19 2.476364e+19 1.275163e+34 1.493746e+03 -1.680464e+03 1.631767e+03 -1.850078e+14 3.028029e+15 0.000000e+00 0.000000e+00 0.000000e+00 0.000000e+00
7.877971e+19 2.183615e+19 -1.209133e+19 1.788756e+34 1.036104e+03 1.884302e+04 4.095522e+04 -8.441908e+13 1.299262e+15 0.000000e+00 0.000000e+00 0.000000e+00 0.000000e+00
5.182741e+19 6.060293e+19 -3.618039e+19 1.115176e+34 -7.793744e+04 3.973412e+04 -5.413684e+04 -9.296707e+13 4.233664e+15 0.000000e+00 0.000000e+00 0.000000e+00 0.000000e+00
-1.560041e+19 9.806798e+19 2.888747e+19 3.294260e+34 7.063522e+03 8.074004e+04 9.475659e+02 -1.085072e+13 2.822798e+14 0.000000e+00 0.000000e+00 0.000000e+00 0.000000e+00
-4.095061e+19 -4.549835e+19 -1.046686e+19 1.054212e+34 2.812544e+03 -7.284739e+03 2.438448e+04 -2.551574e+14 4.872534e+15 0.000000e+00 0.000000e+00 0.000000e+00 0.000000e+00
5.427728e+19 6.793058e+19 -8.381659e+19 1.175330e+34 8.828242e+03 -1.936265e+04 -1.423614e+03 -3.101504e+14 3.712578e+15 0.000000e+00 0.000000e+00 0.000000e+00 0.000000e+00
-5.399181e+19 5.831944e+19 -4.868727e+18 9.983834e+33 -4.006106e+04 -9.676145e+02 -1.149502e+04 -2.137121e+14 5.582533e+15 0.000000e+00 0.000000e+00 0.000000e+00 0.000000e+00
2.046054e+19 -3.399976e+19 1.639396e+19 3.460363e+34 1.376941e+03 -2.048089e+04 -4.728103e+03 -2.681529e+14 2.496149e+14 0.000000e+00 0.000000e+00 0.000000e+00 0.000000e+00
-1.757218e+19 3.638250e+19 -5.393357e+17 2.627448e+34 -2.841827e+03 5.548971e+03 1.140875e+04 -1.423948e+14 4.968661e+14 0.000000e+00 0.000000e+00 0.000000e+00 0.000000e+00
-2.363227e+19 -9.564074e+18 -2.297957e+19 2.969535e+34 -8.882323e+03 -2.301607e+04 5.062172e+03 -3.192104e+13 3.658926e+14 0.000000e+00 0.000000e+00 0.000000e+00 0.000000e+00
-3.620743e+18 5.468101e+19 -9.489509e+18 1.053776e+34 -9.037187e+03 3.679240e+04 4.034845e+04 -9.832079e+13 4.877570e+15 0.000000e+00 0.000000e+00 0.000000e+00 0.000000e+00
-1.313302e+19 9.396226e+18 1.127810e+19 1.389266e+34 -4.843611e+04 2.333748e+04 2.935323e+04 -2.725345e+14 2.444058e+15 0.000000e+00 0.000000e+00 0.000000e+00 0.000000e+00
2.227923e+19 -6.294682e+19 2.854340e+19 4.261580e+34 -4.756939e+04 2.209327e+04 3.193567e+04 -2.787498e+14 1.483024e+14 0.000000e+00 0.000000e+00 0.000000e+00 0.000000e+00
6.084021e+19 -3.135887e+19 9.876040e+17 2.064770e+34 -3.448780e+04 -4.844043e+03 8.504284e+03 -2.792519e+13 9.076019e+14 0.000000e+00 0.000000e+00 0.000000e+00 0.000000e+00
4.267567e+18 -7.087042e+19 -4.294473e+19 1.346081e+34 1.570442e+04 -2.967750e+04 4.055532e+04 -1.615875e+14 2.644823e+15 0.000000e+00 0.000000e+00 0.000000e+00 0.000000e+00
-4.587091e+19 1.846781e+19 3.635108e+19 1.044843e+34 -7.013838e+04 4.666836e+04 2.052144e+04 -2.407049e+13 4.982493e+15 0.000000e+00 0.000000e+00 0.000000e+00 0.000000e+00
-8.796968e+18 -2.396664e+17 -1.317579e+19 1.316748e+34 -2.366172e+04 3.150145e+04 -3.224500e+04 -8.318638e+13 2.794589e+15 0.000000e+00 0.000000e+00 0.000000e+00 0.000000e+00
5.367394e+19 5.372367e+19 3.785108e+18 1.337511e+34 6.635706e+02 1.083488e+04 1.014912e+04 -2.097629e+12 2.687393e+15 0.000000e+00 0.000000e+00 0.000000e+00 0.000000e+00
-1.516971e+18 -7.699521e+19 -5.514746e+19 2.631669e+34 -3.085806e+04 -1.342023e+04 6.537179e+03 -4.060962e+13 4.948759e+14 0.000000e+00 0.000000e+00 0.000000e+00 0.000000e+00
-2.184276e+19 -1.514227e+19 -4.600131e+19 2.124309e+34 -2.712779e+04 1.192278e+04 -1.792558e+04 -1.847340e+14 8.453385e+14 0.000000e+00 0.000000e+00 0.000000e+00 0.000000e+00
8.571741e+19 -6.029150e+19 6.149498e+17 4.861455e+34 2.988743e+04 5.455788e+04 -7.469746e+03 -7.624527e+13 1.066986e+14 0.000000e+00 0.000000e+00 0.000000e+00 0.000000e+00
1.111709e+19 3.466728e+19 -3.188047e+16 1.607703e+34 2.725446e+04 -4.050364e+03 -2.856775e+04 -1.667535e+14 1.696524e+15 0.000000e+00 0.000000e+00 0.000000e+00 0.000000e+00
1.997015e+18 -3.263778e+19 1.486305e+19 1.094715e+34 -1.718824e+04 5.785124e+03 -5.665122e+04 -2.418583e+14 4.434273e+15 0.000000e+00 0.000000e+00 0.000000e+00 0.000000e+00
-1.068177e+19 -2.454507e+19 1.502667e+19 2.521689e+34 1.752702e+04 5.800019e+03 3.538908e+04 -2.393490e+14 5.506120e+14 0.000000e+00 0.000000e+00 0.000000e+00 0.000000e+00
-4.331147e+18 4.335886e+19 2.230062e+19 2.875355e+34 1.694855e+04 6.920267e+03 -9.397086e+03 -1.900605e+14 3.965940e+14 0.000000e+00 0.000000e+00 0.000000e+00 0.000000e+00
-6.744403e+19 -1.180327e+20 -2.500208e+19 1.844682e+34 4.715176e+04 7.460656e+04 -8.846148e+03 -2.802080e+14 1.203015e+15 0.000000e+00 0.000000e+00 0.000000e+00 0.000000e+00
1.107492e+20 -5.697988e+19 3.400388e+19 2.966712e+34 3.128391e+04 -2.037641e+04 -1.705256e+04 -2.592996e+14 3.667636e+14 0.000000e+00 0.000000e+00 0.000000e+00 0.000000e+00
4.300537e+19 -2.419575e+19 7.685221e+18 1.658540e+34 -1.588489e+04 2.556719e+04 -3.314028e+04 -1.574880e+14 1.569494e+15 0.000000e+00 0.000000e+00 0.000000e+00 0.000000e+00
-1.362180e+19 -7.050879e+19 -1.140694e+19 1.732841e+34 4.804666e+04 3.392724e+04 2.419472e+04 -1.453101e+13 1.406623e+15 0.000000e+00 0.000000e+00 0.000000e+00 0.000000e+00
8.967698e+19 2.794212e+19 1.861752e+19 1.513020e+34 -1.283294e+04 3.034849e+04 -9.397598e+04 -1.331808e+14 1.974526e+15 0.000000e+00 0.000000e+00 0.000000e+00 0.000000e+00
1.168463e+19 -1.209338e+19 3.364506e+19 1.013769e+34 1.142659e+04 8.246761e+03 -5.992861e+04 -1.865365e+14 5.373129e+15 0.000000e+00 0.000000e+00 0.000000e+00 0.000000e+00
-1.352511e+19 -2.066877e+19 -1.922535e+19 1.083850e+34 1.028254e+04 2.247031e+04 -5.885606e+04 -2.388220e+14 4.546232e+15 0.000000e+00 0.000000e+00 0.000000e+00 0.000000e+00
1.327567e+19 3.190865e+19 -6.860786e+19 2.119373e+34 -4.231741e+04 7.112361e+04 -3.800993e+03 -2.535806e+14 8.502686e+14 0.000000e+00 0.000000e+00 0.000000e+00 0.000000e+00
3.951466e+19 1.290415e+19 -1.944461e+19 1.695541e+34 2.908263e+04 4.016549e+04 1.535957e+04 -1.077248e+14 1.485264e+15 0.000000e+00 0.000000e+00 0.000000e+00 0.000000e+00
2.292188e+18 -8.888867e+19 2.322632e+19 5.547266e+34 3.045672e+04 -6.680560e+04 -5.259633e+03 -4.783213e+13 7.671446e+13 0.000000e+00 0.000000e+00 0.000000e+00 0.000000e+00
2.161485e+18 2.423558e+19 -2.657502e+19 1.234503e+34 -1.048495e+05 -5.469443e+04 -1.567661e+04 -1.895768e+14 3.283558e+15 0.000000e+00 0.000000e+00 0.000000e+00 0.000000e+00
2.503694e+19 3.845081e+18 3.005948e+19 1.479955e+34 -2.510177e+04 4.327026e+03 1.670343e+03 -1.417042e+14 2.086669e+15 0.000000e+00 0.000000e+00 0.000000e+00 0.000000e+00
-3.796092e+19 2.858750e+19 4.142526e+19 2.830858e+34 1.284537e+03 8.728428e+03 1.334495e+04 -9.248665e+13 4.123629e+14 0.000000e+00 0.000000e+00 0.000000e+00 0.000000e+00
-4.195668e+19 4.603490e+18 1.347525e+19 1.209715e+34 -3.479812e+04 -2.097216e+04 1.134527e+03 -2.969759e+14 3.454354e+15 0.000000e+00 0.000000e+00 0.000000e+00 0.000000e+00
1.513660e+19 2.722068e+19 -2.599504e+18 1.056308e+34 -3.836215e+03 -3.276437e+04 3.806413e+04 -2.047011e+14 4.848393e+15 0.000000e+00 0.000000e+00 0.000000e+00 0.000000e+00
1.898261e+19 5.392083e+18 3.416168e+19 1.287050e+34 2.080064e+04 -2.542722e+04 -4.527821e+03 -8.522513e+13 2.958599e+15 0.000000e+00 0.000000e+00 0.000000e+00 0.000000e+00
4.618205e+18 1.147956e+19 1.091419e+19 1.135482e+34 6.322134e+04 8.261784e+03 1.541732e+04 -9.945854e+13 4.046911e+15 0.000000e+00 0.000000e+00 0.000000e+00 0.000000e+00
-3.972316e+19 -8.319535e+19 -1.262761e+17 6.608276e+34 -2.323789e+04 -7.378922e+03 5.225456e+04 -2.985363e+14 4.952838e+13 0.000000e+00 0.000000e+00 0.000000e+00 0.000000e+00
4.838761e+19 2.749662e+19 2.456120e+19 3.366121e+34 6.093658e+02 6.177297e+02 2.604501e+03 -2.403616e+14 2.674547e+14 0.000000e+00 0.000000e+00 0.000000e+00 0.000000e+00
-2.253275e+19 -8.118210e+18 3.235137e+18 2.106560e+34 8.091431e+04 4.274104e+03 -2.505604e+04 -1.009287e+14 8.632564e+14 0.000000e+00 0.000000e+00 0.000000e+00 0.000000e+00
1.885733e+19 2.476123e+19 5.560959e+18 4.449469e+34 -2.477048e+04 2.873943e+04 -4.481471e+04 -2.297662e+14 1.331387e+14 0.000000e+00 0.000000e+00 0.000000e+00 0.000000e+00
7.888733e+18 2.221313e+19 -8.467044e+18 3.311825e+34 1.174627e+04 -2.093997e+04 -5.902237e+04 -5.852757e+13 2.785520e+14 0.000000e+00 0.000000e+00 0.000000e+00 0.000000e+00
-5.937419e+19 4.721476e+19 -5.769029e+18 1.162073e+34 -3.549242e+04 3.868840e+03 4.841913e+04 -3.060553e+14 3.819364e+15 0.000000e+00 0.000000e+00 0.000000e+00 0.000000e+00
1.045305e+19 7.677722e+18 -2.038902e+19 5.022206e+34 2.702566e+04 -6.737632e+03 3.445277e+04 -2.553322e+14 9.836451e+13 0.000000e+00 0.000000e+00 0.000000e+00 0.000000e+00
4.624541e+19 8.828383e+19 -2.966709e+19 1.779074e+34 -1.491198e+04 -4.546293e+04 3.048491e+03 -2.266451e+14 1.317012e+15 0.000000e+00 0.000000e+00 0.000000e+00 0.000000e+00
-7.212872e+18 1.006634e+19 5.271292e+18 3.357686e+34 -5.285581e+04 2.909115e+04 2.896149e+04 -2.356060e+13 2.691377e+14 0.000000e+00 0.000000e+00 0.000000e+00 0.000000e+00
-7.764676e+18 1.419374e+19 3.472213e+19 5.135325e+34 -3.218715e+04 7.767176e+03 6.844400e+03 -6.423285e+13 9.303679e+13 0.000000e+00 0.000000e+00 0.000000e+00 0.000000e+00
8.439252e+19 4.285484e+19 1.061447e+19 1.085837e+34 2.565980e+04 -3.815111e+04 2.214663e+04 -3.653601e+13 4.525462e+15 0.000000e+00 0.000000e+00 0.000000e+00 0.000000e+00
1.359228e+19 -1.633583e+19 4.638369e+18 1.208696e+34 -4.660980e+04 2.862164e+04 3.744132e+04 -1.764505e+14 3.461637e+15 0.000000e+00 0.000000e+00 0.000000e+00 0.000000e+00
3.967917e+19 -8.977970e+19 -7.932679e+19 1.512164e+34 -2.524068e+04 4.321403e+04 -4.962067e+04 -5.595682e+13 1.977321e+15 0.000000e+00 0.000000e+00 0.000000e+00 0.000000e+00
5.626637e+18 -5.580987e+19 2.380171e+19 3.494585e+34 3.317557e+04 5.045598e+04 1.377065e+04 -4.620227e+13 2.435486e+14 0.000000e+00 0.000000e+00 0.000000e+00 0.000000e+00
-2.579592e+19 6.591128e+19 -1.185875e+20 4.211498e+34 -9.587545e+03 1.327547e+04 -1.758325e+04 -1.892296e+14 1.527507e+14 0.000000e+00 0.000000e+00 0.000000e+00 0.000000e+00
2.966531e+19 -6.018855e+19 -3.201679e+19 9.994712e+33 8.353085e+04 -1.640693e+04 4.585137e+04 -1.746512e+12 5.567355e+15 0.000000e+00 0.000000e+00 0.000000e+00 0.000000e+00
3.383339e+19 7.531346e+19 2.952574e+19 1.701154e+34 -2.760603e+04 5.568459e+04 6.879712e+04 -4.691339e+13 1.473044e+15 0.000000e+00 0.000000e+00 0.000000e+00 0.000000e+00
1.540777e+19 4.471787e+18 -3.318529e+19 1.201869e+34 9.613507e+03 1.242482e+04 -2.923301e+04 -8.168780e+12 3.511010e+15 0.000000e+00 0.000000e+00 0.000000e+00 0.000000e+00
5.400809e+19 -2.165449e+19 5.163554e+19 1.094969e+34 -3.864888e+04 1.279652e+04 5.050015e+04 -4.210147e+13 4.431695e+15 0.000000e+00 0.000000e+00 0.000000e+00 0.000000e+00
-1.895193e+19 4.967201e+19 -2.179663e+19 1.356317e+34 -2.123255e+04 7.586315e+04 -1.779416e+04 -7.057642e+13 2.595204e+15 0.000000e+00 0.000000e+00 0.000000e+00 0.000000e+00
7.235468e+18 -4.119939e+18 -1.496051e+19 7.505405e+34 4.442781e+03 1.062064e+04 -1.000355e+03 -1.770940e+13 3.602793e+13 0.000000e+00 0.000000e+00 0.000000e+00 0.000000e+00
-8.852101e+17 6.188154e+18 -1.010481e+19 1.334571e+34 -7.061648e+04 -1.748142e+04 8.944075e+03 -1.829658e+14 2.702221e+15 0.000000e+00 0.000000e+00 0.000000e+00 0.000000e+00
1.940438e+19 -1.273478e+19 -1.327505e+19 1.722270e+34 -6.300819e+03 2.396643e+04 2.734211e+04 -6.832797e+13 1.428308e+15 0.000000e+00 0.000000e+00 0.000000e+00 0.000000e+00
5.154521e+19 -3.553947e+19 -5.270043e+19 2.458136e+34 -1.105863e+04 -2.881871e+04 5.347598e+04 -2.482226e+14 5.868942e+14 0.000000e+00 0.000000e+00 0.000000e+00 0.000000e+00
5.175039e+19 -2.691272e+19 3.827350e+19 1.397713e+34 -4.788740e+04 -1.669670e+04 -2.571256e+04 -8.426613e+13 2.407298e+15 0.000000e+00 0.000000e+00 0.000000e+00 0.000000e+00
-6.351836e+19 1.535452e+18 -2.425412e+19 1.102336e+35 2.151573e+04 4.644635e+04 -3.382968e+03 -6.769099e+13 1.378128e+13 0.000000e+00 0.000000e+00 0.000000e+00 0.000000e+00
8.343616e+18 -9.351299e+18 9.632330e+18 9.522422e+34 4.455487e+03 1.711729e+04 6.191847e+04 -8.939686e+13 1.987037e+13 0.000000e+00 0.000000e+00 0.000000e+00 0.000000e+00
4.215777e+19 -1.347395e+19 -3.808971e+19 1.237594e+34 -6.169298e+04 2.753311e+04 1.478464e+04 -4.736295e+13 3.263089e+15 0.000000e+00 0.000000e+00 0.000000e+00 0.000000e+00
-4.149950e+19 2.319824e+19 1.929638e+19 1.302420e+34 -1.537622e+04 1.373136e+04 2.681358e+04 -1.850105e+14 2.872083e+15 0.000000e+00 0.000000e+00 0.000000e+00 0.000000e+00
-1.426242e+19 -7.287434e+19 2.369399e+19 1.280398e+34 1.612391e+04 7.423107e+04 6.561505e+03 -1.435619e+14 2.997176e+15 0.000000e+00 0.000000e+00 0.000000e+00 0.000000e+00
-3.393564e+19 1.036453e+20 2.252376e+19 1.022887e+34 -2.243114e+03 -3.026588e+03 2.061097e+04 -3.119959e+14 5.254184e+15 0.000000e+00 0.000000e+00 0.000000e+00 0.000000e+00
1.421835e+18 -5.939368e+19 9.571847e+19 2.010931e+34 -4.190023e+03 3.395855e+03 2.940923e+03 -2.693007e+14 9.695755e+14 0.000000e+00 0.000000e+00 0.000000e+00 0.000000e+00
4.797338e+19 2.402451e+19 -3.468918e+19 1.680561e+34 -7.576124e+03 -1.713802e+04 1.615763e+04 -1.122070e+14 1.518584e+15 0.000000e+00 0.000000e+00 0.000000e+00 0.000000e+00
-1.426287e+20 -2.121274e+19 -1.811494e+18 1.034766e+34 -1.254346e+04 2.322274e+04 6.009628e+03 -1.380276e+14 5.104685e+15 0.000000e+00 0.000000e+00 0.000000e+00 0.000000e+00
2.335922e+19 2.258364e+19 3.896013e+19 1.272120e+34 -1.589578e+04 5.462872e+04 -1.026051e+03 -2.531292e+14 3.046173e+15 0.000000e+00 0.000000e+00 0.000000e+00 0.000000e+00
-9.339640e+17 1.721654e+19 -3.333529e+19 1.222590e+34 1.743345e+04 -2.015298e+04 -6.452893e+04 -2.385809e+14 3.364131e+15 0.000000e+00 0.000000e+00 0.000000e+00 0.000000e+00
1.835206e+19 -2.935171e+19 -2.182902e+19 1.119082e+34 -2.185320e+04 -6.761655e+04 -5.468756e+03 -2.068502e+14 4.196812e+15 0.000000e+00 0.000000e+00 0.000000e+00 0.000000e+00
6.425990e+18 1.734027e+19 5.103765e+18 1.648014e+34 4.536165e+04 -2.693183e+04 -6.718710e+04 -8.943146e+13 1.594676e+15 0.000000e+00 0.000000e+00 0.000000e+00 0.000000e+00
3.669843e+19 -9.539732e+19 -5.596240e+19 1.468731e+35 4.640538e+04 -1.273600e+04 1.832536e+03 -1.230798e+14 6.725418e+12 0.000000e+00 0.000000e+00 0.000000e+00 0.000000e+00
1.137948e+19 -4.014542e+19 -3.293171e+19 1.225617e+34 2.289666e+04 2.023430e+04 2.713331e+04 -2.934200e+14 3.343395e+15 0.000000e+00 0.000000e+00 0.000000e+00 0.000000e+00
-3.646093e+19 2.558859e+17 -3.014536e+18 2.286645e+34 2.659970e+04 -5.469512e+04 -4.434804e+04 -7.570559e+13 7.031979e+14 0.000000e+00 0.000000e+00 0.000000e+00 0.000000e+00
3.633189e+18 3.566636e+19 8.363918e+18 2.882599e+34 3.553927e+04 -2.285248e+04 -1.985784e+04 -2.325277e+14 3.941069e+14 0.000000e+00 0.000000e+00 0.000000e+00 0.000000e+00
-1.179626e+20 2.642641e+19 -5.254232e+19 2.621898e+34 -4.482919e+04 -1.041124e+04 -9.181840e+03 -1.035139e+14 4.994994e+14 0.000000e+00 0.000000e+00 0.000000e+00 0.000000e+00
6.614253e+19 3.664641e+18 1.544896e+19 1.404594e+34 -3.408544e+04 -3.181196e+04 1.287411e+04 -2.764563e+14 2.377924e+15 0.000000e+00 0.000000e+00 0.000000e+00 0.000000e+00
-3.403511e+19 -6.792407e+18 6.828989e+19 2.101926e+34 -2.979986e+04 -1.706007e+04 -6.983636e+04 -6.555462e+11 8.680227e+14 0.000000e+00 0.000000e+00 0.000000e+00 0.000000e+00
5.279316e+19 -1.613985e+19 2.059176e+19 2.107094e+34 6.086579e+04 3.405772e+04 -1.398576e+04 -2.900255e+14 8.627105e+14 0.000000e+00 0.000000e+00 0.000000e+00 0.000000e+00
2.358753e+19 3.457087e+19 2.871881e+19 1.768905e+34 -3.281818e+04 3.319240e+03 1.806279e+03 -8.144676e+13 1.336021e+15 0.000000e+00 0.000000e+00 0.000000e+00 0.000000e+00
2.366002e+19 -5.793805e+18 -1.246332e+19 3.748585e+34 -4.526254e+04 -8.125626e+04 -1.501826e+04 -1.446461e+14 2.043648e+14 0.000000e+00 0.000000e+00 0.000000e+00 0.000000e+00
3.396038e+19 -4.077792e+19 -4.874212e+18 1.330993e+34 -5.475244e+04 8.618484e+03 8.232262e+03 -2.882582e+14 2.720415e+15 0.000000e+00 0.000000e+00 0.000000e+00 0.000000e+00
2.163460e+19 -2.962841e+19 2.855819e+19 1.162018e+34 -3.526593e+04 -1.469169e+04 6.056594e+04 -3.069051e+14 3.819820e+15 0.000000e+00 0.000000e+00 0.000000e+00 0.000000e+00
2.672661e+19 -5.512456e+19 -5.374909e+18 1.026022e+34 2.246242e+04 -1.197320e+04 7.803023e+04 -2.009897e+14 5.214145e+15 0.000000e+00 0.000000e+00 0.000000e+00 0.000000e+00
-1.493162e+19 3.839958e+19 3.965352e+19 1.942691e+34 -4.265308e+04 -2.387460e+04 -1.296858e+03 -6.237066e+13 1.056976e+15 0.000000e+00 0.000000e+00 0.000000e+00 0.000000e+00
1.039977e+19 -8.535761e+18 6.241129e+19 2.314782e+34 -5.368370e+04 6.207378e+04 8.399684e+03 -3.023825e+14 6.820235e+14 0.000000e+00 0.000000e+00 0.000000e+00 0.000000e+00
1.385512e+19 -5.351099e+18 -2.458689e+19 1.006873e+34 -2.921476e+04 1.774515e+04 7.174807e+03 -9.322084e+13 5.465599e+15 0.000000e+00 0.000000e+00 0.000000e+00 0.000000e+00
-2.630078e+19 6.954753e+17 -5.744539e+19 1.704645e+34 -1.319075e+04 -3.694417e+04 -4.506997e+04 -1.086805e+14 1.465513e+15 0.000000e+00 0.000000e+00 0.000000e+00 0.000000e+00
-1.643257e+19 2.130305e+19 -2.643235e+19 1.207002e+34 6.907432e+04 -4.170615e+04 5.841719e+04 -2.316200e+14 3.473801e+15 0.000000e+00 0.000000e+00 0.000000e+00 0.000000e+00
-2.733053e+19 1.634245e+19 -7.569432e+18 2.157758e+34 -3.102453e+04 2.904573e+04 1.772030e+04 -2.909221e+14 8.129571e+14 0.000000e+00 0.000000e+00 0.000000e+00 0.000000e+00
-7.066912e+18 1.208663e+19 -1.530843e+19 1.149095e+34 1.883991e+04 2.713003e+04 -5.085996e+04 -2.670407e+13 3.928123e+15 0.000000e+00 0.000000e+00 0.000000e+00 0.000000e+00
1.668734e+19 6.935119e+19 7.879026e+19 2.387624e+34 -2.546371e+04 -4.221177e+04 8.602718e+03 -2.206417e+14 6.311895e+14 0.000000e+00 0.000000e+00 0.000000e+00 0.000000e+00
-1.198218e+19 -1.103419e+19 -5.165589e+19 1.437007e+34 -4.682690e+04 -6.245234e+04 -5.489046e+03 -2.802342e+14 2.246093e+15 0.000000e+00 0.000000e+00 0.000000e+00 0.000000e+00
-6.715911e+19 -2.786613e+19 -2.881450e+19 7.052992e+34 -7.607291e+04 1.150296e+04 -3.917337e+04 -1.004368e+14 4.208634e+13 0.000000e+00 0.000000e+00 0.000000e+00 0.000000e+00
-7.344676e+19 1.759149e+19 -6.136624e+19 1.111852e+34 -3.088653e+04 -7.233718e+04 5.683680e+04 -2.470274e+14 4.265373e+15 0.000000e+00 0.000000e+00 0.000000e+00 0.000000e+00
3.629778e+19 2.495082e+19 7.526761e+19 1.361646e+34 -5.143537e+04 -9.059226e+03 -5.680908e+04 -1.653651e+14 2.569886e+15 0.000000e+00 0.000000e+00 0.000000e+00 0.000000e+00
1.598714e+19 -5.268113e+19 1.983530e+19 1.089001e+34 -3.072435e+04 6.080297e+04 1.217456e+04 -2.994641e+14 4.492662e+15 0.000000e+00 0.000000e+00 0.000000e+00 0.000000e+00
1.297479e+19 2.543820e+19 4.153897e+19 6.328875e+34 -2.702501e+04 1.831332e+03 -1.615686e+04 -2.212582e+12 5.517704e+13 0.000000e+00 0.000000e+00 0.000000e+00 0.000000e+00
1.216378e+19 1.066447e+19 4.658171e+19 4.593549e+34 -6.183122e+03 2.752145e+04 -8.580299e+03 -1.741982e+14 1.229430e+14 0.000000e+00 0.000000e+00 0.000000e+00 0.000000e+00
-5.749430e+19 -5.611751e+19 -4.662713e+17 1.245319e+34 4.132387e+03 1.076853e+04 -8.416778e+03 -2.806763e+11 3.212723e+15 0.000000e+00 0.000000e+00 0.000000e+00 0.000000e+00
-4.163283e+19 3.079322e+19 -3.248050e+19 2.226424e+34 -2.743098e+04 -1.438129e+04 2.543854e+04 -1.937336e+14 7.517184e+14 0.000000e+00 0.000000e+00 0.000000e+00 0.000000e+00
1.024498e+20 4.042019e+19 -8.534821e+19 3.483879e+34 2.270306e+04 -3.460904e+04 -6.265386e+03 -2.056612e+14 2.454240e+14 0.000000e+00 0.000000e+00 0.000000e+00 0.000000e+00
3.907532e+18 -2.837492e+19 1.314820e+19 1.751757e+34 -2.799216e+04 2.937327e+04 -1.320642e+04 -2.694047e+13 1.368957e+15 0.000000e+00 0.000000e+00 0.000000e+00 0.000000e+00
-8.375495e+18 -7.407332e+18 -2.608261e+19 1.225370e+34 6.954064e+04 1.015444e+04 4.138045e+04 -2.114596e+14 3.345081e+15 0.000000e+00 0.000000e+00 0.000000e+00 0.000000e+00
-2.264012e+19 2.641191e+19 -7.070523e+19 1.070470e+34 -3.663285e+04 3.346756e+03 2.269757e+04 -1.791227e+14 4.689627e+15 0.000000e+00 0.000000e+00 0.000000e+00 0.000000e+00
1.491339e+19 3.895171e+19 9.239784e+18 5.172579e+34 -3.724996e+04 3.631398e+03 3.708345e+04 -2.907271e+14 9.137068e+13 0.000000e+00 0.000000e+00 0.000000e+00 0.000000e+00
-8.420753e+18 -9.172405e+18 3.689727e+18 5.282166e+34 -1.394354e+04 -2.516425e+04 6.188398e+04 -1.404538e+13 8.670509e+13 0.000000e+00 0.000000e+00 0.000000e+00 0.000000e+00
-2.134057e+19 -2.797113e+19 -9.326492e+18 1.358496e+34 -4.182126e+04 8.107044e+03 -2.103432e+04 -2.885067e+14 2.584812e+15 0.000000e+00 0.000000e+00 0.000000e+00 0.000000e+00
-9.391814e+19 -1.278173e+19 6.388602e+18 2.606182e+34 -3.406475e+04 2.744842e+04 -4.434374e+03 -7.215912e+13 5.070640e+14 0.000000e+00 0.000000e+00 0.000000e+00 0.000000e+00
-1.305068e+19 -6.397236e+19 -8.386436e+19 5.169057e+34 1.027044e+04 -7.150278e+04 1.896467e+04 -1.455022e+14 9.152639e+13 0.000000e+00 0.000000e+00 0.000000e+00 0.000000e+00
2.187690e+19 -1.670097e+19 2.033298e+19 4.857800e+34 -2.692480e+04 -5.907797e+04 6.458427e+04 -2.959953e+14 1.068995e+14 0.000000e+00 0.000000e+00 0.000000e+00 0.000000e+00
2.272365e+18 -1.549238e+19 3.354332e+19 3.052324e+34 1.671333e+04 1.046416e+04 4.360667e+04 -3.148227e+14 3.415845e+14 0.000000e+00 0.000000e+00 0.000000e+00 0.000000e+00
2.570699e+19 -1.634726e+19 -5.642187e+19 2.143815e+34 5.042977e+03 -2.340967e+04 -3.425042e+03 -2.032380e+13 8.262401e+14 0.000000e+00 0.000000e+00 0.000000e+00 0.000000e+00
-2.804975e+19 1.295471e+19 -6.878144e+18 1.062544e+34 -2.553042e+04 -1.356141e+04 -3.917582e+04 -8.130820e+13 4.777573e+15 0.000000e+00 0.000000e+00 0.000000e+00 0.000000e+00
3.550191e+19 -2.438219e+19 -1.075660e+18 1.135899e+34 -3.516053e+04 3.249795e+04 1.331697e+04 -9.888547e+13 4.043204e+15 0.000000e+00 0.000000e+00 0.000000e+00 0.000000e+00
-2.270962e+19 -2.175052e+19 -3.144108e+19 5.217740e+34 -1.974044e+04 -3.098480e+04 -1.103357e+04 -1.770568e+14 8.940638e+13 0.000000e+00 0.000000e+00 0.000000e+00 0.000000e+00
1.416931e+19 -1.507952e+19 2.245721e+19 1.999089e+34 -5.873040e+04 7.140909e+03 3.357065e+04 -2.401108e+14 9.839986e+14 0.000000e+00 0.000000e+00 0.000000e+00 0.000000e+00
3.020677e+19 7.629773e+18 -1.491084e+19 1.001185e+34 7.502339e+04 -3.346871e+04 3.219478e+04 -1.009584e+14 5.543567e+15 0.000000e+00 0.000000e+00 0.000000e+00 0.000000e+00
-5.149527e+19 -7.877359e+19 6.461589e+19 1.077995e+34 -2.648285e+04 -3.430071e+04 -3.492280e+04 -1.235262e+14 4.608218e+15 0.000000e+00 0.000000e+00 0.000000e+00 0.000000e+00
1.693887e+19 -2.394929e+19 1.067566e+19 2.243480e+34 1.515448e+03 -2.777410e+04 -1.768519e+04 -8.630073e+13 7.375125e+14 0.000000e+00 0.000000e+00 0.000000e+00 0.000000e+00
6.815973e+18 1.321291e+19 2.973086e+18 9.980336e+33 -1.767307e+04 -2.147324e+04 -2.447847e+04 -2.000037e+14 5.587426e+15 0.000000e+00 0.000000e+00 0.000000e+00 0.000000e+00
-3.261159e+19 -5.268596e+19 -4.841694e+19 1.135060e+34 -8.333973e+04 5.830807e+03 4.586640e+03 -4.123723e+12 4.050673e+15 0.000000e+00 0.000000e+00 0.000000e+00 0.000000e+00
-4.546502e+18 1.870473e+19 -4.102612e+19 2.393043e+34 -2.945896e+04 1.485920e+04 4.847658e+04 -2.942282e+14 6.276226e+14 0.000000e+00 0.000000e+00 0.000000e+00 0.000000e+00
-1.888856e+19 1.279396e+19 -1.383644e+19 2.188617e+34 -2.352914e+03 4.688338e+04 7.625291e+04 -2.902253e+14 7.846037e+14 0.000000e+00 0.000000e+00 0.000000e+00 0.000000e+00
-6.048313e+19 -2.823765e+19 -2.169585e+19 1.204391e+34 8.042371e+04 -3.627457e+04 -3.671127e+04 -2.621403e+13 3.492657e+15 0.000000e+00 0.000000e+00 0.000000e+00 0.000000e+00
1.053270e+20 2.647231e+19 -3.011534e+19 1.219797e+34 -1.780609e+04 7.209741e+03 5.474174e+04 -1.110993e+14 3.383421e+15 0.000000e+00 0.000000e+00 0.000000e+00 0.000000e+00
5.433777e+19 3.879018e+19 3.950458e+19 1.337833e+34 1.757934e+04 -3.677154e+04 -1.784407e+04 -2.124473e+14 2.685775e+15 0.000000e+00 0.000000e+00 0.000000e+00 0.000000e+00
3.518882e+19 2.572413e+19 -5.318430e+18 2.757457e+34 -4.518296e+03 -4.621076e+04 2.803518e+03 -7.507058e+13 4.403550e+14 0.000000e+00 0.000000e+00 0.000000e+00 0.000000e+00
-4.213391e+18 5.455319e+19 3.793195e+19 2.177919e+34 -4.237236e+04 -5.154533e+04 -2.891623e+04 -1.725734e+14 7.942742e+14 0.000000e+00 0.000000e+00 0.000000e+00 0.000000e+00
1.885841e+17 7.255355e+18 2.271122e+19 3.986578e+34 1.043998e+04 1.630317e+04 5.543609e+03 -3.086991e+14 1.752161e+14 0.000000e+00 0.000000e+00 0.000000e+00 0.000000e+00
-3.635026e+18 -7.432505e+19 -4.533960e+19 2.215094e+34 2.961052e+04 3.220071e+04 9.100652e+03 -1.100279e+14 7.613673e+14 0.000000e+00 0.000000e+00 0.000000e+00 0.000000e+00
-5.981481e+19 -2.941695e+19 7.010090e+19 1.866912e+34 -9.396370e+02 7.237196e+03 -2.522884e+03 -2.386922e+14 1.167522e+15 0.000000e+00 0.000000e+00 0.000000e+00 0.000000e+00
2.744950e+19 1.289486e+19 2.490189e+19 1.404481e+34 -7.492595e+04 4.045219e+04 1.547798e+04 -2.789879e+14 2.378399e+15 0.000000e+00 0.000000e+00 0.000000e+00 0.000000e+00
-1.229496e+19 1.145520e+18 3.928520e+18 1.254569e+34 -4.329332e+04 5.010467e+04 -1.712830e+04 -2.443178e+14 3.153833e+15 0.000000e+00 0.000000e+00 0.000000e+00 0.000000e+00
-2.962432e+19 5.926374e+19 -1.019616e+19 1.227978e+34 -6.689911e+03 3.675707e+04 9.620965e+03 -1.651989e+14 3.327351e+15 0.000000e+00 0.000000e+00 0.000000e+00 0.000000e+00
4.569646e+19 -6.294624e+19 -5.040978e+19 1.126310e+35 4.096118e+04 -8.666309e+03 5.819292e+04 -2.996373e+14 1.305961e+13 0.000000e+00 0.000000e+00 0.000000e+00 0.000000e+00
-1.535556e+19 -5.653381e+19 -9.869757e+19 1.448278e+34 -2.881371e+04 4.646617e+04 -7.243927e+04 -3.684906e+13 2.202646e+15 0.000000e+00 0.000000e+00 0.000000e+00 0.000000e+00
2.279534e+19 -2.450234e+19 2.383356e+18 5.006268e+34 -3.945865e+04 1.279822e+04 -1.087008e+04 -1.387843e+14 9.914924e+13 0.000000e+00 0.000000e+00 0.000000e+00 0.000000e+00
7.378780e+18 2.215672e+18 3.859454e+19 2.097025e+34 -5.599613e+03 4.334972e+03 -3.697012e+04 -2.229607e+14 8.731035e+14 0.000000e+00 0.000000e+00 0.000000e+00 0.000000e+00
-1.011899e+19 -5.457837e+19 3.005081e+19 3.209440e+34 -3.997829e+04 1.062412e+04 -1.964940e+04 -9.870615e+13 3.013017e+14 0.000000e+00 0.000000e+00 0.000000e+00 0.000000e+00
-4.114457e+19 -1.056643e+19 -1.563004e+19 1.680456e+34 4.114800e+04 -3.378185e+03 2.608459e+04 -6.173598e+13 1.518822e+15 0.000000e+00 0.000000e+00 0.000000e+00 0.000000e+00
5.001778e+19 -9.816537e+19 9.535090e+19 1.894940e+34 1.149099e+04 -1.688999e+04 -6.303612e+04 -1.217527e+14 1.124828e+15 0.000000e+00 0.000000e+00 0.000000e+00 0.000000e+00
-4.956743e+19 -2.231610e+18 3.166525e+19 1.655427e+34 3.599399e+04 -2.936282e+04 -1.097946e+04 -2.515013e+14 1.576884e+15 0.000000e+00 0.000000e+00 0.000000e+00 0.000000e+00
-1.027204e+20 -2.651801e+19 -5.150293e+19 1.171504e+34 -8.112149e+03 1.275356e+03 3.411504e+04 -2.805794e+14 3.742962e+15 0.000000e+00 0.000000e+00 0.000000e+00 0.000000e+00
1.610296e+19 5.430592e+18 -6.950325e+19 2.582248e+34 -2.939190e+03 -1.245392e+03 3.598052e+04 -4.418203e+13 5.188954e+14 0.000000e+00 0.000000e+00 0.000000e+00 0.000000e+00
-3.456945e+19 -6.152207e+19 -8.347555e+19 1.274947e+34 1.670140e+04 -2.132804e+04 -3.552564e+04 -2.413490e+14 3.029313e+15 0.000000e+00 0.000000e+00 0.000000e+00 0.000000e+00
-4.320315e+18 2.950524e+19 3.429357e+19 1.012902e+34 -3.032917e+04 1.334520e+03 -3.879115e+04 -3.090268e+14 5.384639e+15 0.000000e+00 0.000000e+00 0.000000e+00 0.000000e+00
9.589407e+19 1.192692e+19 8.795633e+19 2.159099e+34 -1.349263e+02 -1.306286e+03 -8.159904e+04 -1.126144e+14 8.116960e+14 0.000000e+00 0.000000e+00 0.000000e+00 0.000000e+00
3.372817e+19 1.495851e+19 -1.656533e+19 1.151984e+34 -4.956188e+04 -9.232466e+04 -9.003108e+03 -2.671461e+14 3.903538e+15 0.000000e+00 0.000000e+00 0.000000e+00 0.000000e+00
5.841962e+19 -1.606642e+19 -2.882503e+19 7.318163e+34 3.233128e+04 -5.946779e+04 -4.130829e+04 -2.847758e+12 3.837686e+13 0.000000e+00 0.000000e+00 0.000000e+00 0.000000e+00
-1.624014e+19 2.355213e+19 2.067453e+19 8.505609e+34 -8.537942e+03 -3.216428e+04 -3.293422e+04 -4.108168e+13 2.635185e+13 0.000000e+00 0.000000e+00 0.000000e+00 0.000000e+00
1.928100e+19 -2.103619e+19 5.169472e+19 5.851730e+34 1.475136e+04 -1.338121e+04 -4.673785e+04 -1.234806e+14 6.712186e+13 0.000000e+00 0.000000e+00 0.000000e+00 0.000000e+00
3.548583e+19 -9.187963e+18 2.466577e+19 1.408564e+34 -7.206563e+04 7.587895e+04 3.960775e+04 -5.239213e+13 2.361202e+15 0.000000e+00 0.000000e+00 0.000000e+00 0.000000e+00
3.643514e+19 -1.356735e+19 8.399010e+18 1.005998e+34 -1.804394e+04 5.860680e+03 -1.377857e+04 -1.669719e+14 5.477498e+15 0.000000e+00 0.000000e+00 0.000000e+00 0.000000e+00
2.410997e+19 -1.873951e+19 1.574577e+18 1.514293e+34 1.372324e+04 -2.524554e+04 -1.558279e+04 -6.670298e+13 1.970380e+15 0.000000e+00 0.000000e+00 0.000000e+00 0.000000e+00
-2.335559e+19 9.337630e+19 -6.062956e+19 1.013709e+35 1.190535e+04 5.096457e+04 2.683293e+04 -1.114692e+14 1.699382e+13 0.000000e+00 0.000000e+00 0.000000e+00 0.000000e+00
-8.312885e+18 -9.954281e+18 -3.009904e+18 4.057482e+34 3.761101e+04 -7.355981e+03 -1.821893e+04 -3.063266e+14 1.676614e+14 0.000000e+00 0.000000e+00 0.000000e+00 0.000000e+00
-6.763501e+19 5.064118e+18 6.078328e+19 1.293488e+34 -6.713475e+04 5.343615e+03 1.486793e+04 -1.615978e+13 2.921924e+15 0.000000e+00 0.000000e+00 0.000000e+00 0.000000e+00
3.051758e+19 2.180723e+19 -9.141240e+18 1.434138e+34 -1.303735e+04 -2.268614e+04 4.340804e+04 -4.386040e+13 2.257342e+15 0.000000e+00 0.000000e+00 0.000000e+00 0.000000e+00
-5.788361e+18 -1.182328e+19 1.120891e+19 4.022050e+34 1.773000e+04 4.630779e+04 -2.913395e+04 -1.469345e+13 1.713784e+14 0.000000e+00 0.000000e+00 0.000000e+00 0.000000e+00
-4.508393e+19 -1.879397e+19 -1.727091e+19 1.325342e+34 -2.651662e+04 4.268732e+04 7.888509e+02 -8.471644e+13 2.749508e+15 0.000000e+00 0.000000e+00 0.000000e+00 0.000000e+00
-8.315273e+18 -6.807467e+18 2.551157e+18 1.830845e+34 -2.192270e+04 -1.353375e+04 1.986333e+03 -1.854125e+14 1.225874e+15 0.000000e+00 0.000000e+00 0.000000e+00 0.000000e+00
-3.315663e+19 -1.661853e+19 -6.234482e+19 7.014032e+34 2.998489e+04 -2.340258e+03 2.845474e+04 -2.500851e+14 4.267321e+13 0.000000e+00 0.000000e+00 0.000000e+00 0.000000e+00
-2.553862e+19 9.972183e+18 5.545034e+19 2.416770e+34 1.230082e+04 -2.604211e+04 -2.667570e+04 -2.585964e+14 6.123311e+14 0.000000e+00 0.000000e+00 0.000000e+00 0.000000e+00
-1.480564e+20 3.526288e+19 2.265207e+19 1.872549e+34 -1.799881e+04 -4.118124e+04 -1.462411e+04 -2.696592e+14 1.158754e+15 0.000000e+00 0.000000e+00 0.000000e+00 0.000000e+00
2.209521e+19 -6.512510e+18 3.603120e+17 1.074118e+34 4.684045e+04 1.923228e+03 -2.295524e+04 -2.457885e+14 4.649914e+15 0.000000e+00 0.000000e+00 0.000000e+00 0.000000e+00
4.149842e+19 4.917733e+19 5.947962e+19 2.031878e+34 6.012433e+04 -2.776828e+04 -2.940814e+04 -1.417114e+14 9.447795e+14 0.000000e+00 0.000000e+00 0.000000e+00 0.000000e+00
-5.619344e+19 1.974610e+19 6.390450e+19 1.654692e+35 3.746480e+04 2.479571e+04 -1.942203e+03 -9.973416e+13 4.992079e+12 0.000000e+00 0.000000e+00 0.000000e+00 0.000000e+00
-4.754190e+19 -7.074395e+19 3.798480e+18 1.114353e+34 2.433724e+04 1.288519e+04 -3.681460e+04 -2.163191e+14 4.241481e+15 0.000000e+00 0.000000e+00 0.000000e+00 0.000000e+00
-1.295200e+19 6.115671e+19 -1.105801e+20 4.594406e+34 -8.229716e+04 -1.577342e+04 3.817525e+04 -1.423072e+14 1.228856e+14 0.000000e+00 0.000000e+00 0.000000e+00 0.000000e+00
-2.583326e+18 1.080297e+19 -1.355803e+19 2.713298e+34 -1.727912e+04 1.815162e+04 8.443711e+03 -2.077426e+14 4.584912e+14 0.000000e+00 0.000000e+00 0.000000e+00 0.000000e+00
5.891437e+18 5.716811e+19 1.133949e+19 2.422508e+34 -5.904905e+04 -1.045905e+04 1.420201e+04 -9.570861e+13 6.087114e+14 0.000000e+00 0.000000e+00 0.000000e+00 0.000000e+00
-2.732238e+19 4.080575e+19 -1.498564e+19 2.454913e+34 -2.912222e+04 -9.010916e+03 1.528727e+04 -3.630986e+12 5.888226e+14 0.000000e+00 0.000000e+00 0.000000e+00 0.000000e+00
3.002434e+19 -3.130590e+19 -3.111549e+18 1.390934e+34 -7.333298e+02 3.752754e+04 1.502060e+04 -9.807161e+13 2.436737e+15 0.000000e+00 0.000000e+00 0.000000e+00 0.000000e+00
-5.306477e+19 -1.742574e+18 -1.944108e+19 1.292308e+34 -3.469263e+04 -1.280838e+04 3.022362e+03 -2.967441e+14 2.928599e+15 0.000000e+00 0.000000e+00 0.000000e+00 0.000000e+00
3.012470e+18 4.905592e+19 -9.539979e+18 3.381634e+34 4.106153e+04 -1.267560e+04 -5.485536e+04 -1.648592e+14 2.643980e+14 0.000000e+00 0.000000e+00 0.000000e+00 0.000000e+00
-3.123003e+19 2.769847e+19 3.526054e+19 3.391119e+34 1.141555e+04 -2.198934e+04 -4.008707e+04 -7.241060e+13 2.625530e+14 0.000000e+00 0.000000e+00 0.000000e+00 0.000000e+00
1.996941e+18 -1.374880e+18 2.343057e+19 5.780690e+34 -2.510639e+03 3.508275e+04 -1.659672e+04 -1.443587e+14 6.920307e+13 0.000000e+00 0.000000e+00 0.000000e+00 0.000000e+00
5.269591e+19 -6.525488e+18 -2.695579e+19 1.677641e+34 1.326484e+04 2.547576e+04 2.849647e+04 -1.543276e+13 1.525202e+15 0.000000e+00 0.000000e+00 0.000000e+00 0.000000e+00
-3.945030e+19 5.610305e+19 -3.665066e+19 3.248817e+34 -2.731034e+04 -3.405722e+04 -3.016329e+04 -2.980872e+14 2.922548e+14 0.000000e+00 0.000000e+00 0.000000e+00 0.000000e+00
6.346327e+19 -1.052534e+20 -4.270362e+19 2.179432e+34 2.298564e+04 2.499631e+04 -2.925188e+04 -2.235412e+14 7.928958e+14 0.000000e+00 0.000000e+00 0.000000e+00 0.000000e+00
-1.397196e+18 3.480664e+19 3.288993e+19 2.451805e+34 6.728612e+04 -3.258068e+04 3.535343e+04 -2.457543e+14 5.906901e+14 0.000000e+00 0.000000e+00 0.000000e+00 0.000000e+00
1.575091e+19 8.169744e+18 -5.148300e+19 3.220420e+34 4.704622e+04 6.583781e+03 -2.306325e+04 -7.328266e+13 2.987399e+14 0.000000e+00 0.000000e+00 0.000000e+00 0.000000e+00
4.327101e+19 8.743838e+18 -2.829635e+19 4.943921e+34 -2.782562e+04 -5.694233e+03 3.804139e+04 -1.501766e+14 1.023047e+14 0.000000e+00 0.000000e+00 0.000000e+00 0.000000e+00
-2.267547e+19 -1.785706e+19 3.984286e+19 1.356902e+34 -4.275010e+04 -5.775437e+04 1.430687e+04 -2.717318e+14 2.592411e+15 0.000000e+00 0.000000e+00 0.000000e+00 0.000000e+00
-1.017520e+20 3.770554e+19 -7.077671e+19 1.071255e+34 1.607273e+04 6.793994e+04 -4.329048e+04 -2.252953e+14 4.681043e+15 0.000000e+00 0.000000e+00 0.000000e+00 0.000000e+00
8.893800e+18 -1.932502e+19 -1.444333e+19 1.899518e+34 -7.582663e+03 4.132232e+04 6.342939e+03 -1.505342e+14 1.118062e+15 0.000000e+00 0.000000e+00 0.000000e+00 0.000000e+00
2.097089e+17 1.764067e+19 1.858323e+19 1.022129e+34 -9.584686e+03 2.904153e+04 -1.743898e+04 -1.220764e+12 5.263934e+15 0.000000e+00 0.000000e+00 0.000000e+00 0.000000e+00
-1.203426e+19 3.116340e+19 4.268726e+19 1.592824e+34 2.498118e+04 -3.843160e+04 -4.781780e+04 -2.004768e+14 1.736423e+15 0.000000e+00 0.000000e+00 0.000000e+00 0.000000e+00
1.212803e+19 -1.776502e+19 -1.201766e+19 1.788607e+34 -1.216508e+04 -8.167737e+04 5.148891e+03 -2.659033e+14 1.299533e+15 0.000000e+00 0.000000e+00 0.000000e+00 0.000000e+00
-7.599453e+19 3.458310e+18 -1.224985e+19 1.282693e+34 -6.033880e+04 1.228492e+04 8.475871e+03 -1.586051e+14 2.983789e+15 0.000000e+00 0.000000e+00 0.000000e+00 0.000000e+00
1.013023e+19 -1.908475e+19 1.945796e+19 1.942482e+34 -5.375539e+03 1.736945e+04 9.094581e+03 -2.175396e+14 1.057261e+15 0.000000e+00 0.000000e+00 0.000000e+00 0.000000e+00
-3.805334e+19 3.830474e+19 3.482439e+19 1.017786e+34 -1.280606e+04 6.341758e+04 1.533890e+04 -1.368767e+14 5.320270e+15 0.000000e+00 0.000000e+00 0.000000e+00 0.000000e+00
-5.822110e+18 4.321800e+18 5.848691e+18 1.023258e+34 2.235608e+04 3.839164e+04 2.441377e+04 -1.681782e+14 5.249427e+15 0.000000e+00 0.000000e+00 0.000000e+00 0.000000e+00
2.189470e+19 3.818363e+19 1.620710e+18 3.558047e+34 6.498103e+04 8.441072e+03 2.122344e+03 -9.792246e+13 2.328335e+14 0.000000e+00 0.000000e+00 0.000000e+00 0.000000e+00
4.264452e+19 -2.473557e+19 7.145285e+19 1.392074e+34 -2.457967e+04 -5.502186e+03 -2.179205e+04 -2.702928e+13 2.431749e+15 0.000000e+00 0.000000e+00 0.000000e+00 0.000000e+00
4.479541e+19 -3.394968e+19 -2.087071e+19 1.101778e+34 1.922931e+04 -2.716400e+04 4.788738e+03 -2.521258e+14 4.363546e+15 0.000000e+00 0.000000e+00 0.000000e+00 0.000000e+00
1.990619e+19 -4.327643e+19 3.760973e+18 1.194601e+34 1.534414e+04 7.923236e+03 -2.722994e+04 -5.639265e+13 3.564652e+15 0.000000e+00 0.000000e+00 0.000000e+00 0.000000e+00
-1.096493e+19 6.488946e+18 1.281586e+19 2.063124e+34 1.994691e+04 1.418779e+02 -9.250166e+04 -1.599956e+13 9.094131e+14 0.000000e+00 0.000000e+00 0.000000e+00 0.000000e+00
-7.202623e+19 2.127012e+19 -1.151879e+20 1.063604e+34 -3.560071e+04 4.922358e+04 5.136291e+04 -1.975385e+14 4.765679e+15 0.000000e+00 0.000000e+00 0.000000e+00 0.000000e+00
5.055879e+19 1.029850e+20 -5.208866e+19 1.756490e+34 1.424013e+04 2.884882e+04 -2.334623e+04 -2.795153e+14 1.359754e+15 0.000000e+00 0.000000e+00 0.000000e+00 0.000000e+00
4.864983e+18 2.577663e+19 8.544379e+18 1.782792e+34 -1.172118e+04 4.375018e+04 1.641546e+04 -5.616209e+13 1.310156e+15 0.000000e+00 0.000000e+00 0.000000e+00 0.000000e+00
9.061029e+18 -3.704491e+19 8.566458e+18 2.607119e+34 -9.869685e+02 -3.208514e+03 4.113200e+04 -9.426243e+13 5.066086e+14 0.000000e+00 0.000000e+00 0.000000e+00 0.000000e+00
-6.056082e+19 6.237496e+19 4.194568e+19 1.186664e+35 3.391680e+04 2.441116e+04 4.540532e+03 -2.482791e+14 1.146187e+13 0.000000e+00 0.000000e+00 0.000000e+00 0.000000e+00
3.054013e+19 -2.271349e+17 -2.114203e+19 1.334206e+34 -1.491121e+04 2.584227e+04 -3.403168e+04 -1.749543e+14 2.704069e+15 0.000000e+00 0.000000e+00 0.000000e+00 0.000000e+00
4.536006e+17 3.237911e+19 2.894132e+19 1.261850e+34 -3.266923e+04 -4.495377e+04 4.313816e+04 -1.330844e+14 3.108531e+15 0.000000e+00 0.000000e+00 0.000000e+00 0.000000e+00
1.141134e+19 -3.375840e+19 -2.030421e+19 1.057587e+34 -2.692713e+04 1.629961e+04 -1.793574e+03 -2.617948e+14 4.833748e+15 0.000000e+00 0.000000e+00 0.000000e+00 0.000000e+00
-6.204739e+18 -5.745893e+18 1.728562e+19 9.549858e+34 9.254212e+04 1.755095e+04 -5.913368e+04 -8.990509e+13 1.972797e+13 0.000000e+00 0.000000e+00 0.000000e+00 0.000000e+00
8.720520e+19 1.991622e+19 -2.623606e+19 3.759415e+34 3.568013e+04 -9.823605e+03 -4.282219e+03 -9.779858e+13 2.028962e+14 0.000000e+00 0.000000e+00 0.000000e+00 0.000000e+00
-7.731275e+18 -1.290949e+18 -6.492739e+19 2.416447e+34 -2.533713e+04 9.418618e+03 8.378588e+03 -3.559575e+13 6.125355e+14 0.000000e+00 0.000000e+00 0.000000e+00 0.000000e+00
-2.151487e+18 4.894463e+19 3.340579e+19 1.477274e+34 -2.444446e+04 -1.381868e+04 5.696560e+03 -1.364648e+14 2.096150e+15 0.000000e+00 0.000000e+00 0.000000e+00 0.000000e+00
-1.153837e+19 3.104065e+19 1.439060e+19 1.147970e+34 -8.048597e+04 -4.463699e+04 5.749354e+04 -1.342446e+14 3.937747e+15 0.000000e+00 0.000000e+00 0.000000e+00 0.000000e+00
-6.056443e+19 1.270272e+19 -6.866909e+19 1.130620e+34 7.692800e+03 -1.437223e+04 -5.365063e+04 -1.200300e+14 4.090567e+15 0.000000e+00 0.000000e+00 0.000000e+00 0.000000e+00
7.283100e+18 -3.590255e+18 3.229123e+19 1.235681e+34 -4.990993e+03 3.548969e+04 8.949594e+04 -2.290197e+14 3.275736e+15 0.000000e+00 0.000000e+00 0.000000e+00 0.000000e+00
-1.622594e+19 -6.431416e+19 1.468243e+19 1.807963e+34 5.934217e+04 -2.632604e+04 -1.401857e+04 -7.612606e+13 1.265029e+15 0.000000e+00 0.000000e+00 0.000000e+00 0.000000e+00
3.563249e+19 -1.493140e+19 6.023049e+16 2.530371e+34 -5.171881e+04 -2.483084e+04 -4.675652e+03 -1.064342e+14 5.459012e+14 0.000000e+00 0.000000e+00 0.000000e+00 0.000000e+00
9.161811e+18 4.094322e+17 1.211622e+19 1.273830e+34 -1.525396e+04 7.079930e+04 -4.107947e+04 -5.072704e+13 3.035958e+15 0.000000e+00 0.000000e+00 0.000000e+00 0.000000e+00
-2.861068e+18 2.912357e+19 -1.744610e+19 8.605159e+34 -4.620464e+03 -6.517352e+04 1.327786e+04 -7.297872e+13 2.559631e+13 0.000000e+00 0.000000e+00 0.000000e+00 0.000000e+00
2.827178e+19 -1.901352e+19 -1.615607e+19 2.691745e+34 -4.743316e+04 3.936724e+04 -7.257161e+03 -1.139799e+14 4.677242e+14 0.000000e+00 0.000000e+00 0.000000e+00 0.000000e+00
-2.150820e+19 -2.717593e+19 -3.992636e+19 1.823380e+34 -4.942351e+04 -6.646924e+04 -2.996136e+04 -2.646211e+14 1.238460e+15 0.000000e+00 0.000000e+00 0.000000e+00 0.000000e+00
3.134316e+19 -3.630405e+18 1.911965e+19 2.019171e+34 4.772605e+03 1.687763e+04 -1.410569e+04 -2.549770e+13 9.597147e+14 0.000000e+00 0.000000e+00 0.000000e+00 0.000000e+00
3.321754e+19 4.952070e+19 1.160910e+19 1.497508e+34 2.743733e+04 -3.454130e+04 -9.429616e+04 -1.995560e+14 2.026057e+15 0.000000e+00 0.000000e+00 0.000000e+00 0.000000e+00
-4.330116e+19 1.431565e+20 3.342930e+19 1.232573e+34 6.198123e+03 4.555728e+04 4.525480e+04 -1.125880e+13 3.296423e+15 0.000000e+00 0.000000e+00 0.000000e+00 0.000000e+00
-5.030554e+19 5.899949e+19 -5.282622e+19 1.385229e+34 -4.604980e+04 -1.502548e+04 2.625196e+04 -1.886260e+14 2.461901e+15 0.000000e+00 0.000000e+00 0.000000e+00 0.000000e+00
-3.151729e+19 6.038758e+19 2.160555e+19 2.850172e+34 -2.383786e+04 6.439398e+03 -2.130387e+04 -2.693369e+14 4.054122e+14 0.000000e+00 0.000000e+00 0.000000e+00 0.000000e+00
-2.502102e+17 1.999473e+19 1.252782e+19 1.005176e+34 -3.910194e+04 -2.663759e+04 3.390922e+04 -3.631694e+13 5.488693e+15 0.000000e+00 0.000000e+00 0.000000e+00 0.000000e+00
-8.095250e+19 3.002934e+19 -2.559622e+19 1.091419e+34 -2.676402e+03 4.495587e+04 1.953593e+04 -6.463028e+13 4.467823e+15 0.000000e+00 0.000000e+00 0.000000e+00 0.000000e+00
-1.556441e+19 -1.937714e+19 1.877183e+19 1.030271e+34 4.991226e+04 2.997143e+04 2.742482e+04 -6.739368e+13 5.160547e+15 0.000000e+00 0.000000e+00 0.000000e+00 0.000000e+00
-4.059890e+19 1.002213e+20 -3.430769e+19 1.025984e+34 -7.109875e+03 1.023205e+05 6.073374e+03 -2.871634e+14 5.214622e+15 0.000000e+00 0.000000e+00 0.000000e+00 0.000000e+00
2.882161e+19 1.577412e+19 1.980651e+19 4.104958e+34 -6.829181e+04 1.180988e+04 -3.008203e+04 -3.807031e+13 1.628557e+14 0.000000e+00 0.000000e+00 0.000000e+00 0.000000e+00
-4.944294e+18 -1.854517e+19 -4.957024e+19 2.461999e+34 3.044946e+04 2.692539e+04 -3.971374e+03 -1.272791e+14 5.845948e+14 0.000000e+00 0.000000e+00 0.000000e+00 0.000000e+00
-4.522668e+19 1.191060e+19 4.811063e+18 1.612170e+34 -3.244877e+04 7.794523e+03 -1.882065e+04 -1.670286e+14 1.684798e+15 0.000000e+00 0.000000e+00 0.000000e+00 0.000000e+00
-4.664678e+19 -1.728630e+19 1.358890e+20 1.074709e+34 2.288095e+04 2.131874e+04 9.929466e+04 -2.738220e+13 4.643517e+15 0.000000e+00 0.000000e+00 0.000000e+00 0.000000e+00
-7.157889e+18 2.060033e+18 2.642280e+19 1.653238e+34 -1.782870e+04 -7.059084e+03 -2.758326e+03 -1.053172e+14 1.582109e+15 0.000000e+00 0.000000e+00 0.000000e+00 0.000000e+00
4.831682e+19 -3.978868e+19 -3.036625e+19 1.610566e+34 -6.796117e+03 3.687274e+04 -6.772435e+03 -2.734074e+14 1.688996e+15 0.000000e+00 0.000000e+00 0.000000e+00 0.000000e+00
-2.679105e+19 -1.036371e+19 -3.390070e+18 1.147874e+34 6.199443e+04 2.218580e+04 -1.368628e+04 -1.515188e+14 3.938578e+15 0.000000e+00 0.000000e+00 0.000000e+00 0.000000e+00
3.972041e+19 -2.078328e+19 -8.064829e+19 1.525614e+34 -2.760663e+04 3.732818e+04 3.293905e+03 -1.145966e+14 1.934029e+15 0.000000e+00 0.000000e+00 0.000000e+00 0.000000e+00
-1.437011e+19 5.241417e+19 7.524669e+18 2.035167e+34 -2.832341e+03 -1.680147e+04 3.233302e+02 -3.199305e+13 9.409672e+14 0.000000e+00 0.000000e+00 0.000000e+00 0.000000e+00
-3.615474e+19 4.634372e+19 -1.387863e+19 2.113740e+34 -2.422910e+04 4.792195e+04 2.602875e+04 -2.270926e+14 8.559450e+14 0.000000e+00 0.000000e+00 0.000000e+00 0.000000e+00
-2.826622e+19 -5.390126e+18 5.726565e+19 1.416078e+34 -8.902173e+03 -3.296329e+03 5.395692e+03 -6.489040e+13 2.330003e+15 0.000000e+00 0.000000e+00 0.000000e+00 0.000000e+00
-2.310608e+19 -5.562252e+19 3.646905e+18 2.075183e+34 -3.314427e+03 -2.863730e+04 -6.040931e+04 -6.313100e+13 8.962594e+14 0.000000e+00 0.000000e+00 0.000000e+00 0.000000e+00
1.024079e+19 6.335571e+19 -3.092937e+19 1.681713e+34 -2.947071e+04 -1.283806e+03 -2.201026e+04 -2.749783e+14 1.515985e+15 0.000000e+00 0.000000e+00 0.000000e+00 0.000000e+00
-4.607709e+19 -7.145230e+19 -2.669566e+19 4.125277e+34 2.392217e+04 -4.606687e+03 6.421558e+04 -3.099253e+14 1.608577e+14 0.000000e+00 0.000000e+00 0.000000e+00 0.000000e+00
4.047957e+18 -2.229286e+19 -1.169294e+19 2.220241e+34 -2.167143e+04 7.606020e+03 -7.185704e+03 -1.320066e+14 7.569621e+14 0.000000e+00 0.000000e+00 0.000000e+00 0.000000e+00
-5.498845e+19 -1.106431e+20 2.569639e+19 1.137235e+34 1.138950e+04 3.814966e+04 2.243698e+04 -6.638994e+13 4.031334e+15 0.000000e+00 0.000000e+00 0.000000e+00 0.000000e+00
-2.786755e+19 3.195742e+18 4.725769e+19 1.050796e+34 -7.018620e+04 1.946460e+04 -3.102591e+04 -1.405147e+14 4.912230e+15 0.000000e+00 0.000000e+00 0.000000e+00 0.000000e+00
1.516959e+19 -7.936679e+17 1.546385e+19 2.145525e+34 -1.335974e+04 2.572061e+04 -3.462110e+04 -5.886274e+13 8.245954e+14 0.000000e+00 0.000000e+00 0.000000e+00 0.000000e+00
-9.340846e+19 6.364075e+19 -8.984375e+18 1.014629e+34 3.503666e+04 -8.708719e+03 7.403422e+04 -1.191105e+14 5.361746e+15 0.000000e+00 0.000000e+00 0.000000e+00 0.000000e+00
2.933249e+19 2.322583e+19 3.225885e+19 1.924905e+34 -8.638263e+02 5.926828e+04 4.189828e+04 -1.093377e+14 1.081562e+15 0.000000e+00 0.000000e+00 0.000000e+00 0.000000e+00
1.065138e+19 -2.209096e+19 -3.817043e+18 7.301264e+34 -2.330953e+04 -4.002072e+04 6.104054e+03 -3.064812e+14 3.859931e+13 0.000000e+00 0.000000e+00 0.000000e+00 0.000000e+00
1.621379e+19 6.698112e+19 -3.930108e+19 1.890211e+34 -2.236974e+04 5.512032e+04 -5.798824e+03 -2.874197e+14 1.131876e+15 0.000000e+00 0.000000e+00 0.000000e+00 0.000000e+00
1.628194e+19 2.558461e+19 1.470353e+20 1.797288e+34 -1.305051e+04 -4.313136e+04 1.619429e+04 -8.671466e+13 1.283898e+15 0.000000e+00 0.000000e+00 0.000000e+00 0.000000e+00
-2.997049e+18 2.923072e+18 -4.499918e+18 7.393716e+34 -4.190305e+04 1.756849e+04 2.150620e+04 -7.478974e+13 3.740397e+13 0.000000e+00 0.000000e+00 0.000000e+00 0.000000e+00
3.325361e+19 2.634002e+19 2.589829e+19 1.435897e+34 -2.788496e+04 3.454494e+04 -6.723891e+03 -1.443788e+14 2.250436e+15 0.000000e+00 0.000000e+00 0.000000e+00 0.000000e+00
1.980387e+19 5.805546e+19 1.090754e+20 9.355004e+34 -5.171038e+04 5.398343e+04 -2.813980e+04 -1.292455e+14 2.077135e+13 0.000000e+00 0.000000e+00 0.000000e+00 0.000000e+00
4.443160e+18 -4.821178e+19 1.142453e+18 5.461863e+34 1.361143e+04 1.701898e+04 1.520266e+04 -1.216136e+14 7.974853e+13 0.000000e+00 0.000000e+00 0.000000e+00 0.000000e+00
9.307440e+17 -7.411181e+18 -7.408937e+19 1.172106e+34 9.146986e+03 -2.907485e+04 5.819874e+04 -2.822499e+14 3.738158e+15 0.000000e+00 0.000000e+00 0.000000e+00 0.000000e+00
2.994114e+19 -6.632535e+19 -1.877977e+19 1.049765e+34 2.844282e+04 1.864556e+04 -4.166124e+04 -1.047283e+14 4.924298e+15 0.000000e+00 0.000000e+00 0.000000e+00 0.000000e+00
1.648852e+19 -2.556960e+19 -3.753702e+19 1.077367e+34 -3.543615e+04 2.466821e+04 -6.380729e+04 -1.644697e+14 4.614939e+15 0.000000e+00 0.000000e+00 0.000000e+00 0.000000e+00
3.403570e+19 -3.738130e+19 3.599961e+19 1.071667e+34 8.052143e+03 -4.099432e+04 -2.630927e+04 -1.253484e+14 4.676544e+15 0.000000e+00 0.000000e+00 0.000000e+00 0.000000e+00
-5.672258e+19 -9.326574e+18 -7.099777e+18 2.343802e+34 -4.972343e+04 1.108587e+04 3.921325e+04 -1.377676e+14 6.611081e+14 0.000000e+00 0.000000e+00 0.000000e+00 0.000000e+00
-1.190032e+19 -5.940998e+19 6.926586e+18 1.328343e+34 8.359670e+03 1.807686e+04 7.898022e+03 -7.474024e+13 2.734004e+15 0.000000e+00 0.000000e+00 0.000000e+00 0.000000e+00
7.162054e+18 3.095971e+19 5.262529e+18 3.908575e+34 1.941031e+04 1.838237e+04 -8.729742e+04 -2.148963e+14 1.840893e+14 0.000000e+00 0.000000e+00 0.000000e+00 0.000000e+00
1.088694e+19 -4.296468e+19 4.501841e+19 1.012082e+34 2.679378e+04 2.941288e+04 -9.610979e+03 -1.975648e+14 5.395542e+15 0.000000e+00 0.000000e+00 0.000000e+00 0.000000e+00
-1.029033e+20 4.884514e+19 -4.726959e+19 3.447261e+34 -6.831767e+04 1.096593e+04 1.313819e+04 -1.918630e+14 2.519934e+14 0.000000e+00 0.000000e+00 0.000000e+00 0.000000e+00
5.892192e+19 6.064652e+19 7.105576e+19 1.276392e+34 -1.767578e+04 9.124327e+03 3.774321e+04 -7.491184e+13 3.020746e+15 0.000000e+00 0.000000e+00 0.000000e+00 0.000000e+00
8.283283e+19 7.711401e+19 1.505515e+19 1.093374e+34 7.603209e+04 7.810304e+03 1.337767e+04 -1.794043e+14 4.447876e+15 0.000000e+00 0.000000e+00 0.000000e+00 0.000000e+00
4.343118e+19 7.334000e+19 -3.708248e+19 2.420884e+34 -3.033212e+04 -1.359572e+04 -2.139781e+03 -2.595177e+14 6.097331e+14 0.000000e+00 0.000000e+00 0.000000e+00 0.000000e+00
2.729349e+19 -2.241419e+19 -1.586419e+19 2.087875e+34 3.575549e+04 3.000081e+04 6.605737e+04 -5.348200e+12 8.827003e+14 0.000000e+00 0.000000e+00 0.000000e+00 0.000000e+00
1.406470e+20 -8.017012e+18 -4.072675e+19 4.596925e+34 -5.233716e+04 -4.074860e+04 3.874179e+04 -1.597671e+14 1.227174e+14 0.000000e+00 0.000000e+00 0.000000e+00 0.000000e+00
-7.407517e+18 2.731735e+19 -1.808242e+19 3.309536e+34 4.470832e+04 4.053558e+03 -1.450972e+05 -2.809075e+14 2.790338e+14 0.000000e+00 0.000000e+00 0.000000e+00 0.000000e+00
2.938212e+18 1.478157e+19 2.339478e+19 1.276633e+34 -2.768203e+04 1.403734e+04 -2.734545e+04 -1.039821e+14 3.019324e+15 0.000000e+00 0.000000e+00 0.000000e+00 0.000000e+00
2.070322e+19 7.899851e+19 1.264471e+20 2.790314e+34 2.981172e+03 6.564796e+04 4.944157e+04 -8.225776e+13 4.275056e+14 0.000000e+00 0.000000e+00 0.000000e+00 0.000000e+00
1.586323e+19 -1.196857e+19 -6.351854e+19 1.484167e+34 2.357726e+04 8.316574e+02 -1.398121e+04 -1.576097e+14 2.071895e+15 0.000000e+00 0.000000e+00 0.000000e+00 0.000000e+00
-6.832221e+19 -2.411843e+19 -3.707175e+19 1.411690e+34 2.188864e+04 3.798207e+03 4.323577e+03 -1.114933e+14 2.348153e+15 0.000000e+00 0.000000e+00 0.000000e+00 0.000000e+00
-1.683072e+19 -4.304588e+19 4.851263e+19 3.018379e+34 -5.435096e+04 -2.063332e+04 2.717782e+04 -2.609053e+14 3.512692e+14 0.000000e+00 0.000000e+00 0.000000e+00 0.000000e+00
-5.195013e+18 -4.845261e+18 -1.752837e+19 1.361239e+34 -3.948754e+04 1.173307e+04 1.597263e+04 -1.993320e+14 2.571810e+15 0.000000e+00 0.000000e+00 0.000000e+00 0.000000e+00
4.924899e+19 -8.801114e+19 -1.298590e+19 6.671141e+34 1.241671e+04 2.145902e+04 2.307904e+04 -2.643257e+14 4.836980e+13 0.000000e+00 0.000000e+00 0.000000e+00 0.000000e+00
2.061541e+19 -3.443235e+19 -4.765001e+19 4.163865e+34 -2.372847e+04 -4.550067e+04 -2.649100e+04 -1.932415e+14 1.571568e+14 0.000000e+00 0.000000e+00 0.000000e+00 0.000000e+00
-6.799814e+19 -4.302897e+19 -1.357251e+19 1.515899e+34 2.096972e+04 -3.669096e+04 -3.200764e+04 -1.378752e+14 1.965166e+15 0.000000e+00 0.000000e+00 0.000000e+00 0.000000e+00
-3.067995e+19 -3.372008e+19 4.201539e+19 2.792387e+34 -3.767404e+04 -5.799239e+04 -3.552065e+04 -1.758008e+14 4.267129e+14 0.000000e+00 0.000000e+00 0.000000e+00 0.000000e+00
5.197109e+19 -2.777874e+19 1.496539e+19 2.822467e+34 2.990053e+04 -2.070709e+04 -5.539585e+04 -1.282838e+14 4.154345e+14 0.000000e+00 0.000000e+00 0.000000e+00 0.000000e+00
2.519434e+19 -1.188138e+19 1.497510e+19 1.079495e+34 -2.002542e+04 1.981742e+04 -5.809795e+04 -1.571252e+14 4.592226e+15 0.000000e+00 0.000000e+00 0.000000e+00 0.000000e+00
-1.995652e+19 -3.338447e+19 -1.231212e+19 5.358247e+34 2.834579e+04 -4.461993e+04 -1.070624e+04 -2.151341e+14 8.365998e+13 0.000000e+00 0.000000e+00 0.000000e+00 0.000000e+00
1.394631e+19 6.800240e+17 2.707839e+19 1.687067e+34 -1.661197e+04 -1.557844e+04 2.125181e+02 -2.701323e+14 1.503987e+15 0.000000e+00 0.000000e+00 0.000000e+00 0.000000e+00
2.426621e+19 1.867943e+19 1.411187e+19 3.613516e+34 2.257573e+04 1.612479e+03 -1.764649e+04 -2.356771e+14 2.240008e+14 0.000000e+00 0.000000e+00 0.000000e+00 0.000000e+00
2.552147e+19 1.503155e+19 -4.403987e+18 5.116739e+34 1.196967e+04 9.803328e+03 -1.975409e+04 -2.520631e+14 9.388399e+13 0.000000e+00 0.000000e+00 0.000000e+00 0.000000e+00
4.967415e+18 2.129048e+19 3.348972e+19 1.441352e+34 -1.734747e+03 -2.188184e+04 -2.623356e+04 -9.226731e+13 2.229203e+15 0.000000e+00 0.000000e+00 0.000000e+00 0.000000e+00
8.785958e+18 7.152291e+19 1.114239e+19 1.002441e+34 2.347519e+04 1.771780e+04 2.778931e+04 -5.677526e+13 5.526214e+15 0.000000e+00 0.000000e+00 0.000000e+00 0.000000e+00
-5.573741e+19 -4.062135e+19 3.125424e+19 5.463050e+34 1.783977e+04 -2.633532e+04 3.541345e+04 -8.817825e+13 7.970523e+13 0.000000e+00 0.000000e+00 0.000000e+00 0.000000e+00
-2.624084e+19 -1.371127e+19 -4.981753e+18 1.068853e+34 -1.295816e+04 3.364148e+04 -1.779015e+03 -1.123520e+14 4.707384e+15 0.000000e+00 0.000000e+00 0.000000e+00 0.000000e+00
-2.367771e+19 9.363998e+19 -6.404259e+19 1.328838e+34 7.208814e+03 1.429272e+04 2.920320e+04 -2.182760e+14 2.731456e+15 0.000000e+00 0.000000e+00 0.000000e+00 0.000000e+00
2.661879e+19 9.757010e+19 5.055456e+19 8.121167e+34 -5.710245e+04 -4.909125e+04 2.453137e+04 -9.114359e+13 2.958207e+13 0.000000e+00 0.000000e+00 0.000000e+00 0.000000e+00
3.319528e+18 -3.625441e+19 8.040051e+18 8.172944e+34 8.635211e+03 -2.265122e+04 1.438129e+04 -1.245409e+14 2.911577e+13 0.000000e+00 0.000000e+00 0.000000e+00 0.000000e+00
3.826706e+19 -1.642958e+19 1.118487e+17 1.883522e+34 -4.962082e+04 1.107430e+05 4.565888e+04 -3.005717e+14 1.141952e+15 0.000000e+00 0.000000e+00 0.000000e+00 0.000000e+00
6.970593e+19 7.726690e+19 -7.475496e+19 1.555685e+34 1.741627e+04 5.456937e+03 -1.807753e+04 -2.913544e+13 1.841920e+15 0.000000e+00 0.000000e+00 0.000000e+00 0.000000e+00
-4.605911e+19 -5.724307e+19 5.339370e+19 1.291784e+34 -4.639243e+04 -7.985975e+02 -2.603617e+04 -2.901458e+14 2.931569e+15 0.000000e+00 0.000000e+00 0.000000e+00 0.000000e+00
3.396529e+18 -9.539130e+18 2.046926e+19 1.342717e+34 -2.959424e+04 -4.382008e+04 1.059581e+04 -1.568260e+14 2.661422e+15 0.000000e+00 0.000000e+00 0.000000e+00 0.000000e+00
8.493934e+18 -3.208493e+19 4.167059e+19 2.288604e+34 -1.557941e+04 2.062719e+04 1.744511e+04 -1.535585e+14 7.016943e+14 0.000000e+00 0.000000e+00 0.000000e+00 0.000000e+00
-1.215892e+19 -6.305699e+19 -2.455345e+19 2.804614e+34 4.445181e+03 9.077156e+04 2.955007e+04 -5.140141e+13 4.220773e+14 0.000000e+00 0.000000e+00 0.000000e+00 0.000000e+00
2.463677e+19 -2.106108e+19 -6.203692e+18 3.173874e+34 -4.475403e+04 1.810669e+04 5.685597e+02 -2.741503e+13 3.098136e+14 0.000000e+00 0.000000e+00 0.000000e+00 0.000000e+00
9.015796e+18 4.332841e+19 3.468051e+19 3.152735e+34 -4.742739e+04 -4.398108e+04 1.731647e+04 -1.902384e+13 3.150329e+14 0.000000e+00 0.000000e+00 0.000000e+00 0.000000e+00
5.705593e+19 4.558750e+19 1.415152e+19 1.068781e+34 1.990077e+04 -3.158658e+04 3.438607e+04 -1.357082e+14 4.708172e+15 0.000000e+00 0.000000e+00 0.000000e+00 0.000000e+00
-3.351883e+19 -2.968696e+19 4.310606e+18 1.660067e+34 6.276072e+03 4.244569e+04 3.833029e+04 -1.012172e+14 1.565888e+15 0.000000e+00 0.000000e+00 0.000000e+00 0.000000e+00
2.555385e+19 -5.234835e+19 9.532307e+19 1.039810e+34 -8.362911e+03 5.696545e+04 -3.476490e+04 -2.874444e+14 5.043004e+15 0.000000e+00 0.000000e+00 0.000000e+00 0.000000e+00
-1.170789e+20 -6.633633e+19 9.720722e+18 1.808864e+34 7.579346e+04 -2.605685e+04 7.672019e+02 -1.614908e+14 1.263456e+15 0.000000e+00 0.000000e+00 0.000000e+00 0.000000e+00
4.343329e+19 -1.028393e+19 1.334147e+18 1.541268e+34 -2.185944e+04 -9.481530e+03 9.888479e+04 -3.221191e+13 1.885295e+15 0.000000e+00 0.000000e+00 0.000000e+00 0.000000e+00
1.518948e+19 -5.159878e+19 -1.227819e+20 4.875738e+34 -1.841003e+04 3.106239e+04 -5.420550e+03 -1.716513e+14 1.059190e+14 0.000000e+00 0.000000e+00 0.000000e+00 0.000000e+00
-3.890863e+18 -1.218071e+19 -2.166291e+19 1.377123e+34 2.779239e+04 -1.500786e+04 1.080941e+04 -2.934129e+14 2.498290e+15 0.000000e+00 0.000000e+00 0.000000e+00 0.000000e+00
2.130769e+19 8.476181e+18 -1.316192e+20 1.092347e+34 1.762745e+04 -2.087373e+04 9.340934e+04 -2.520858e+14 4.458337e+15 0.000000e+00 0.000000e+00 0.000000e+00 0.000000e+00
1.312550e+19 1.054835e+19 2.472158e+19 1.117206e+34 1.935245e+04 -4.501614e+03 -2.066973e+04 -1.799107e+14 4.214456e+15 0.000000e+00 0.000000e+00 0.000000e+00 0.000000e+00
4.891894e+18 -2.199043e+19 -4.198809e+18 2.881651e+34 -1.028987e+02 -3.719124e+04 6.120167e+04 -2.404531e+14 3.944313e+14 0.000000e+00 0.000000e+00 0.000000e+00 0.000000e+00
2.571078e+19 7.624681e+19 -5.069450e+18 2.044473e+34 1.110804e+04 5.449794e+01 3.688926e+04 -1.916466e+14 9.302966e+14 0.000000e+00 0.000000e+00 0.000000e+00 0.000000e+00
4.172730e+19 7.643837e+18 4.052683e+19 1.077679e+34 -2.695514e+04 -3.520884e+04 -1.944653e+03 -2.103571e+14 4.611598e+15 0.000000e+00 0.000000e+00 0.000000e+00 0.000000e+00
3.635317e+19 -2.976539e+19 1.054573e+19 2.445836e+34 1.079860e+03 2.047909e+04 -4.639291e+04 -2.147825e+14 5.943008e+14 0.000000e+00 0.000000e+00 0.000000e+00 0.000000e+00
7.460604e+18 3.718189e+19 -1.689408e+19 1.052675e+34 -1.819858e+04 -9.885298e+04 -3.668770e+04 -2.866103e+14 4.890336e+15 0.000000e+00 0.000000e+00 0.000000e+00 0.000000e+00
8.675753e+18 -4.516183e+19 4.126055e+19 3.547620e+34 2.048567e+04 3.469174e+04 -3.535556e+04 -3.698710e+13 2.345481e+14 0.000000e+00 0.000000e+00 0.000000e+00 0.000000e+00
4.049496e+19 1.259159e+19 -3.810225e+19 2.477768e+34 -1.384959e+04 3.805191e+03 3.795024e+04 -9.690816e+13 5.753378e+14 0.000000e+00 0.000000e+00 0.000000e+00 0.000000e+00
-4.556525e+18 2.034988e+19 -4.153900e+19 1.060103e+34 4.735757e+04 8.014314e+03 -6.253081e+03 -1.187703e+14 4.805121e+15 0.000000e+00 0.000000e+00 0.000000e+00 0.000000e+00
-5.051390e+19 -4.967470e+19 -5.551552e+19 1.063156e+34 -5.080070e+04 6.528033e+03 7.086391e+04 -1.241038e+14 4.770698e+15 0.000000e+00 0.000000e+00 0.000000e+00 0.000000e+00
7.721684e+18 -9.303698e+19 -4.897089e+19 1.506237e+35 3.946927e+04 8.733336e+03 1.236941e+04 -1.903191e+14 6.314532e+12 0.000000e+00 0.000000e+00 0.000000e+00 0.000000e+00
1.270340e+20 8.312240e+18 -6.156758e+19 1.415498e+34 -2.586556e+04 -8.832531e+03 7.225766e+03 -5.571928e+13 2.332390e+15 0.000000e+00 0.000000e+00 0.000000e+00 0.000000e+00
7.294044e+18 3.201278e+19 -2.244539e+19 3.425496e+34 1.842290e+03 3.633358e+04 3.411914e+04 -2.206259e+13 2.560153e+14 0.000000e+00 0.000000e+00 0.000000e+00 0.000000e+00
8.859135e+19 -6.788832e+17 3.345974e+19 7.865503e+34 1.405706e+04 -3.003103e+04 -2.939270e+04 -3.135885e+14 3.204486e+13 0.000000e+00 0.000000e+00 0.000000e+00 0.000000e+00
-1.398257e+19 -2.581024e+19 -4.170325e+19 1.481778e+35 -3.244871e+04 1.073633e+04 -6.455474e+04 -2.903840e+14 6.578351e+12 0.000000e+00 0.000000e+00 0.000000e+00 0.000000e+00
-5.101105e+19 3.435336e+19 -6.123813e+19 2.812845e+34 -3.338690e+03 4.947157e+04 2.437008e+04 -1.024997e+14 4.189963e+14 0.000000e+00 0.000000e+00 0.000000e+00 0.000000e+00
5.253617e+19 2.704043e+19 1.042622e+18 1.418880e+34 -1.471214e+04 -2.009594e+04 2.895605e+04 -2.409140e+14 2.318516e+15 0.000000e+00 0.000000e+00 0.000000e+00 0.000000e+00
-4.267678e+19 -5.272501e+19 7.020111e+19 3.025502e+34 6.974124e+03 -5.177231e+03 -1.709697e+04 -2.784471e+13 3.492055e+14 0.000000e+00 0.000000e+00 0.000000e+00 0.000000e+00
-3.028230e+19 1.224781e+20 3.981676e+19 1.506492e+34 -6.094101e+02 -7.046245e+03 2.825157e+04 -1.048846e+14 1.995987e+15 0.000000e+00 0.000000e+00 0.000000e+00 0.000000e+00
-1.110179e+20 4.438676e+19 3.087693e+19 1.086894e+34 3.785057e+04 -4.218541e+04 -3.812304e+04 -1.992157e+14 4.514468e+15 0.000000e+00 0.000000e+00 0.000000e+00 0.000000e+00
-1.582338e+19 5.328304e+19 1.408481e+19 1.655688e+34 4.137987e+04 8.434866e+03 -3.501369e+04 -1.843965e+14 1.576263e+15 0.000000e+00 0.000000e+00 0.000000e+00 0.000000e+00
-1.582082e+19 2.222773e+19 -2.717947e+19 1.002837e+34 2.933442e+04 1.424178e+04 7.510100e+04 -9.748329e+13 5.520762e+15 0.000000e+00 0.000000e+00 0.000000e+00 0.000000e+00
-4.824294e+19 -5.967064e+18 4.268715e+18 1.599671e+34 -1.090090e+04 3.956792e+04 -4.548675e+04 -2.709056e+14 1.717901e+15 0.000000e+00 0.000000e+00 0.000000e+00 0.000000e+00
1.202349e+19 -5.051107e+18 -3.051954e+18 1.038764e+34 4.296383e+04 3.413485e+04 5.532603e+04 -3.676723e+13 5.055712e+15 0.000000e+00 0.000000e+00 0.000000e+00 0.000000e+00
-5.960499e+18 -6.373416e+19 -7.405716e+18 1.093986e+34 3.353867e+04 -3.107613e+02 -3.631714e+04 -3.138552e+14 4.441659e+15 0.000000e+00 0.000000e+00 0.000000e+00 0.000000e+00
-5.503994e+19 -2.896953e+19 2.939107e+18 1.092776e+34 -2.301063e+04 -5.519159e+04 -2.805489e+04 -6.639289e+12 4.453960e+15 0.000000e+00 0.000000e+00 0.000000e+00 0.000000e+00
2.250653e+19 3.688861e+19 -4.800132e+19 2.175990e+34 1.092999e+04 1.382955e+03 -5.030505e+03 -2.624913e+14 7.960354e+14 0.000000e+00 0.000000e+00 0.000000e+00 0.000000e+00
-1.156723e+18 -8.595000e+18 2.947518e+19 9.485234e+34 -2.931890e+04 -5.556300e+04 8.364389e+03 -8.132776e+13 2.006571e+13 0.000000e+00 0.000000e+00 0.000000e+00 0.000000e+00
2.000848e+17 -3.146108e+19 -3.713046e+19 1.416516e+34 9.387967e+03 -2.978066e+04 -1.526142e+04 -3.027693e+14 2.328202e+15 0.000000e+00 0.000000e+00 0.000000e+00 0.000000e+00
7.105294e+18 4.659198e+19 -2.599421e+19 1.281573e+34 4.778809e+04 4.124508e+04 -4.666190e+04 -1.793046e+14 2.990312e+15 0.000000e+00 0.000000e+00 0.000000e+00 0.000000e+00
2.412108e+19 1.754804e+19 3.749724e+19 4.383021e+34 -5.926097e+03 5.100077e+04 -4.793788e+03 -1.165843e+14 1.382423e+14 0.000000e+00 0.000000e+00 0.000000e+00 0.000000e+00
-8.785633e+19 7.798617e+19 -4.064735e+18 1.203604e+34 -1.201171e+04 3.904072e+04 3.494416e+04 -2.932131e+14 3.498371e+15 0.000000e+00 0.000000e+00 0.000000e+00 0.000000e+00
3.842644e+19 -2.170336e+19 -4.696232e+19 9.629188e+34 2.775122e+04 -5.690751e+03 2.424005e+04 -1.755630e+14 1.932416e+13 0.000000e+00 0.000000e+00 0.000000e+00 0.000000e+00
-6.573541e+19 -1.926250e+19 -1.630335e+19 1.003452e+34 4.622339e+04 1.312927e+03 -1.096795e+04 -2.197629e+14 5.512305e+15 0.000000e+00 0.000000e+00 0.000000e+00 0.000000e+00
-3.859833e+19 8.189235e+19 -1.086541e+20 1.067419e+35 3.748418e+04 7.049792e+04 7.218738e+04 -1.582339e+14 1.493610e+13 0.000000e+00 0.000000e+00 0.000000e+00 0.000000e+00
-4.295004e+19 8.610846e+19 -7.208809e+19 1.027955e+34 -1.549746e+04 -6.088811e+03 -3.162963e+04 -1.562367e+14 5.189661e+15 0.000000e+00 0.000000e+00 0.000000e+00 0.000000e+00
8.392987e+18 9.175831e+18 -2.508325e+19 4.978452e+34 7.664665e+02 -3.250655e+04 -1.503667e+04 -6.772936e+13 1.005400e+14 0.000000e+00 0.000000e+00 0.000000e+00 0.000000e+00
-9.218105e+19 1.565656e+19 -1.164079e+19 1.746379e+34 2.001906e+04 1.583634e+04 -5.743587e+04 -2.764116e+14 1.379522e+15 0.000000e+00 0.000000e+00 0.000000e+00 0.000000e+00
1.115327e+19 -4.194485e+19 3.369848e+19 1.811155e+35 4.871787e+04 -3.293174e+04 -2.937680e+04 -2.892735e+14 3.982771e+12 0.000000e+00 0.000000e+00 0.000000e+00 0.000000e+00
4.072094e+19 -8.150796e+18 7.248316e+18 1.053563e+34 -4.403937e+04 -1.887516e+04 -2.725938e+04 -1.886199e+14 4.880040e+15 0.000000e+00 0.000000e+00 0.000000e+00 0.000000e+00
-1.831282e+19 -1.835314e+17 3.986371e+18 1.821864e+34 -3.193831e+04 -7.840791e+04 6.642263e+03 -3.547172e+13 1.241038e+15 0.000000e+00 0.000000e+00 0.000000e+00 0.000000e+00
2.400349e+19 4.190800e+19 -3.611157e+19 1.057341e+35 4.531048e+03 7.706760e+04 1.841066e+04 -4.564220e+13 1.529456e+13 0.000000e+00 0.000000e+00 0.000000e+00 0.000000e+00
-1.843711e+19 -4.114372e+19 -1.481702e+19 1.733828e+34 -1.952833e+04 -3.668661e+04 -8.267446e+02 -1.387606e+14 1.404623e+15 0.000000e+00 0.000000e+00 0.000000e+00 0.000000e+00
1.187604e+18 -2.781457e+19 2.657509e+19 2.089767e+34 1.168485e+04 -1.366033e+04 4.366884e+03 -3.507629e+13 8.807041e+14 0.000000e+00 0.000000e+00 0.000000e+00 0.000000e+00
4.596990e+19 2.223451e+19 -7.434502e+19 2.415140e+34 5.951710e+04 -9.723200e+03 -5.994710e+04 -6.138684e+13 6.133650e+14 0.000000e+00 0.000000e+00 0.000000e+00 0.000000e+00
4.447765e+19 -6.110582e+19 7.748607e+19 1.568653e+34 2.571010e+04 1.333826e+04 -5.407688e+04 -2.277090e+14 1.804087e+15 0.000000e+00 0.000000e+00 0.000000e+00 0.000000e+00
1.811557e+19 -3.328703e+19 -1.236864e+18 2.082152e+34 1.098884e+04 -2.998868e+04 1.692419e+04 -2.617153e+14 8.887784e+14 0.000000e+00 0.000000e+00 0.000000e+00 0.000000e+00
-1.357495e+19 2.365600e+18 1.258218e+19 1.919895e+34 5.984429e+04 -2.883634e+03 3.812065e+04 -2.203873e+14 1.088632e+15 0.000000e+00 0.000000e+00 0.000000e+00 0.000000e+00
-1.203624e+20 -4.802486e+19 -5.064290e+19 5.308253e+34 -4.369482e+04 -4.720988e+04 6.896360e+04 -2.437361e+14 8.564372e+13 0.000000e+00 0.000000e+00 0.000000e+00 0.000000e+00
-2.247633e+18 -9.603111e+18 -3.358078e+18 1.029817e+34 7.032226e+03 2.398186e+04 4.039074e+04 -1.189794e+14 5.166238e+15 0.000000e+00 0.000000e+00 0.000000e+00 0.000000e+00
6.404066e+19 6.677782e+18 4.466695e+19 8.154275e+34 -2.055937e+04 3.020416e+04 2.459190e+04 -1.309062e+14 2.928271e+13 0.000000e+00 0.000000e+00 0.000000e+00 0.000000e+00
2.689327e+19 2.604020e+19 -2.406207e+19 4.951716e+34 -4.588456e+04 5.291685e+04 4.550333e+04 -1.266368e+14 1.019026e+14 0.000000e+00 0.000000e+00 0.000000e+00 0.000000e+00
6.455494e+18 1.054787e+19 3.599555e+19 1.571054e+34 -4.551846e+04 9.572946e+03 -5.277804e+03 -2.556612e+14 1.797203e+15 0.000000e+00 0.000000e+00 0.000000e+00 0.000000e+00
1.994973e+17 -5.591637e+18 -8.359151e+18 2.052068e+34 4.369949e+04 -4.361719e+04 1.213001e+05 -6.563817e+13 9.217120e+14 0.000000e+00 0.000000e+00 0.000000e+00 0.000000e+00
-1.744327e+19 6.895689e+18 -3.203994e+19 1.270444e+34 -8.892774e+03 2.734237e+04 4.816590e+04 -1.786117e+14 3.056229e+15 0.000000e+00 0.000000e+00 0.000000e+00 0.000000e+00
-2.685766e+19 -7.894935e+18 5.447385e+18 1.163747e+34 -9.603181e+03 -8.355542e+02 -1.425073e+04 -1.663676e+14 3.805645e+15 0.000000e+00 0.000000e+00 0.000000e+00 0.000000e+00
9.668370e+18 -6.736468e+19 3.386298e+19 1.588610e+34 -3.236862e+04 1.193620e+04 -2.114160e+03 -9.581122e+11 1.747959e+15 0.000000e+00 0.000000e+00 0.000000e+00 0.000000e+00
-6.536181e+18 1.016022e+19 2.872083e+19 1.381016e+34 -1.995048e+04 -1.193064e+04 2.137881e+04 -2.263428e+14 2.480723e+15 0.000000e+00 0.000000e+00 0.000000e+00 0.000000e+00
-4.448677e+17 -6.379843e+19 -1.235422e+19 1.917648e+34 -2.946618e+04 -5.194808e+03 3.202523e+04 -1.910646e+14 1.091824e+15 0.000000e+00 0.000000e+00 0.000000e+00 0.000000e+00
-2.138951e+19 8.113264e+18 -6.916614e+19 1.056962e+34 5.031625e+03 -3.169561e+04 1.564003e+03 -1.020306e+14 4.840904e+15 0.000000e+00 0.000000e+00 0.000000e+00 0.000000e+00
-2.977177e+19 2.896708e+19 8.735300e+18 1.154807e+35 1.129849e+04 3.562441e+04 -2.258959e+04 -3.771295e+13 1.226877e+13 0.000000e+00 0.000000e+00 0.000000e+00 0.000000e+00
-7.406704e+18 1.288408e+19 -6.889876e+18 1.489709e+35 -2.157354e+04 -1.999373e+04 -1.896218e+04 -2.753783e+14 6.491144e+12 0.000000e+00 0.000000e+00 0.000000e+00 0.000000e+00
1.620370e+19 -3.627856e+18 -2.247105e+18 2.429218e+34 1.024133e+04 2.258909e+04 3.705190e+04 -8.355595e+13 6.045171e+14 0.000000e+00 0.000000e+00 0.000000e+00 0.000000e+00
2.027973e+18 -1.459530e+19 -3.399068e+17 1.769816e+34 -6.141992e+03 -4.344255e+04 2.445738e+04 -2.577105e+13 1.334302e+15 0.000000e+00 0.000000e+00 0.000000e+00 0.000000e+00
4.877781e+19 6.223090e+18 -8.716910e+19 1.314663e+34 2.123259e+03 4.939831e+03 -4.002440e+04 -1.819865e+14 2.805683e+15 0.000000e+00 0.000000e+00 0.000000e+00 0.000000e+00
4.257945e+19 -1.167273e+19 -1.238308e+18 3.438440e+34 -9.597784e+03 -3.645349e+04 1.826617e+04 -2.249378e+14 2.536127e+14 0.000000e+00 0.000000e+00 0.000000e+00 0.000000e+00
1.838380e+19 -1.140312e+20 -1.720856e+19 2.353172e+34 -1.732613e+04 -1.419476e+04 -4.840302e+04 -1.016288e+14 6.545465e+14 0.000000e+00 0.000000e+00 0.000000e+00 0.000000e+00
2.924725e+19 3.981953e+19 2.320286e+19 1.136910e+34 3.078211e+04 -5.577823e+03 5.224212e+03 -2.377582e+14 4.034219e+15 0.000000e+00 0.000000e+00 0.000000e+00 0.000000e+00
4.812801e+19 2.503435e+19 1.652131e+19 5.682838e+34 -2.741659e+04 -5.154051e+04 -1.520150e+04 -1.941704e+14 7.222067e+13 0.000000e+00 0.000000e+00 0.000000e+00 0.000000e+00
-1.754407e+19 4.582365e+19 -3.975988e+19 3.557153e+34 -1.539939e+04 1.262632e+04 -9.370588e+03 -3.250940e+13 2.329799e+14 0.000000e+00 0.000000e+00 0.000000e+00 0.000000e+00
-5.407011e+19 -5.351683e+19 -5.526372e+19 8.096546e+34 -2.685060e+04 -4.667895e+04 3.952083e+03 -1.291927e+14 2.980747e+13 0.000000e+00 0.000000e+00 0.000000e+00 0.000000e+00
-2.602324e+19 -2.339593e+19 -2.009558e+19 2.604553e+34 -2.943305e+04 4.657131e+04 7.309882e+03 -2.854080e+14 5.078575e+14 0.000000e+00 0.000000e+00 0.000000e+00 0.000000e+00
-3.343452e+18 2.040375e+19 -1.731748e+19 2.025700e+34 1.542854e+04 -5.255031e+03 8.998259e+03 -2.113866e+14 9.520003e+14 0.000000e+00 0.000000e+00 0.000000e+00 0.000000e+00
-6.113145e+19 2.171626e+19 2.148796e+19 1.494894e+34 -3.254195e+04 -3.594381e+04 2.851812e+03 -1.175457e+14 2.034927e+15 0.000000e+00 0.000000e+00 0.000000e+00 0.000000e+00
1.586727e+18 6.499381e+18 4.444681e+19 6.791822e+34 1.570222e+04 -6.128891e+04 -1.412766e+04 -1.635149e+14 4.624971e+13 0.000000e+00 0.000000e+00 0.000000e+00 0.000000e+00
5.035785e+19 1.656493e+19 1.692966e+19 4.326022e+34 5.769339e+04 1.878328e+04 5.312362e+04 -1.071154e+14 1.428410e+14 0.000000e+00 0.000000e+00 0.000000e+00 0.000000e+00
-7.914998e+19 -8.471783e+18 1.738446e+19 1.029631e+34 -2.406698e+04 -1.215985e+04 3.427269e+04 -7.523183e+13 5.168568e+15 0.000000e+00 0.000000e+00 0.000000e+00 0.000000e+00
-3.437443e+19 4.924380e+19 -1.099841e+19 1.014515e+34 1.745648e+04 -1.567739e+02 -3.933471e+04 -1.637932e+14 5.363250e+15 0.000000e+00 0.000000e+00 0.000000e+00 0.000000e+00
-6.901882e+19 -1.905979e+19 -2.895008e+19 1.419228e+34 3.506651e+04 8.584473e+04 -4.954913e+04 -4.114916e+12 2.317097e+15 0.000000e+00 0.000000e+00 0.000000e+00 0.000000e+00
3.593318e+19 -1.255361e+19 5.497057e+19 3.396695e+34 4.321450e+04 -1.250310e+04 -8.658575e+03 -2.690845e+13 2.614768e+14 0.000000e+00 0.000000e+00 0.000000e+00 0.000000e+00
2.157775e+19 2.723734e+19 9.403359e+19 1.531566e+35 5.771711e+03 -3.684538e+04 1.125929e+03 -2.964676e+14 6.056687e+12 0.000000e+00 0.000000e+00 0.000000e+00 0.000000e+00
9.250123e+19 1.140387e+18 -5.964732e+17 1.124568e+34 -5.633335e+04 1.867943e+04 7.610730e+04 -2.313383e+14 4.145819e+15 0.000000e+00 0.000000e+00 0.000000e+00 0.000000e+00
5.277109e+19 2.767743e+19 -2.754561e+19 1.954142e+34 -2.424814e+04 -2.612020e+03 -1.592840e+03 -2.205806e+14 1.041561e+15 0.000000e+00 0.000000e+00 0.000000e+00 0.000000e+00
-7.131746e+19 1.702312e+19 4.707174e+19 1.426829e+34 2.944064e+04 1.635127e+04 3.274103e+04 -2.572422e+14 2.286362e+15 0.000000e+00 0.000000e+00 0.000000e+00 0.000000e+00
-2.790852e+19 -1.006044e+20 -1.131987e+20 1.068049e+35 -1.984684e+04 1.727568e+04 -1.088491e+05 -2.169625e+14 1.491411e+13 0.000000e+00 0.000000e+00 0.000000e+00 0.000000e+00
-4.045803e+19 -2.249544e+19 2.902165e+19 3.860914e+34 1.890740e+04 -3.725050e+04 -8.464597e+03 -1.813886e+14 1.898232e+14 0.000000e+00 0.000000e+00 0.000000e+00 0.000000e+00
-4.059940e+19 1.302800e+18 3.364604e+19 3.797515e+34 2.147590e+04 -4.776033e+04 3.832410e+04 -2.991029e+14 1.978454e+14 0.000000e+00 0.000000e+00 0.000000e+00 0.000000e+00
-4.289080e+19 5.604464e+19 -8.006973e+19 1.599744e+34 -7.235905e+03 5.094001e+04 -2.745874e+04 -2.752146e+14 1.717704e+15 0.000000e+00 0.000000e+00 0.000000e+00 0.000000e+00
-7.945703e+18 2.007807e+19 6.848941e+19 1.488344e+34 -6.298779e+04 2.003914e+03 2.173682e+04 -2.850079e+14 2.057387e+15 0.000000e+00 0.000000e+00 0.000000e+00 0.000000e+00
-3.664750e+18 3.605992e+18 2.089043e+19 1.265213e+34 1.902212e+04 -3.453289e+04 -5.129143e+04 -3.007535e+14 3.087917e+15 0.000000e+00 0.000000e+00 0.000000e+00 0.000000e+00
7.710826e+18 1.356878e+19 -1.237709e+17 4.296545e+34 -1.344410e+04 2.001213e+04 1.773198e+04 -1.635151e+14 1.453036e+14 0.000000e+00 0.000000e+00 0.000000e+00 0.000000e+00
1.180809e+19 -8.744547e+19 -5.202005e+19 3.426810e+34 4.877842e+04 -9.371386e+03 -5.856429e+04 -2.100919e+14 2.557700e+14 0.000000e+00 0.000000e+00 0.000000e+00 0.000000e+00
-9.239796e+19 -4.726445e+19 1.725635e+19 2.354827e+35 3.638114e+04 9.404842e+03 1.166974e+04 -2.035736e+13 2.066222e+12 0.000000e+00 0.000000e+00 0.000000e+00 0.000000e+00
-1.562977e+19 -1.132284e+17 -1.136536e+19 1.826658e+34 2.219700e+04 4.468385e+04 1.592105e+03 -2.829534e+14 1.232910e+15 0.000000e+00 0.000000e+00 0.000000e+00 0.000000e+00
7.094582e+19 -1.690125e+19 -1.126476e+19 2.948428e+34 3.571697e+04 2.119065e+04 -1.929442e+04 -2.332550e+13 3.724760e+14 0.000000e+00 0.000000e+00 0.000000e+00 0.000000e+00
5.078389e+19 6.574902e+18 1.776637e+19 7.654713e+34 -1.083278e+04 2.332393e+04 -2.105243e+04 -2.880670e+14 3.429670e+13 0.000000e+00 0.000000e+00 0.000000e+00 0.000000e+00
7.247233e+18 2.207914e+19 -3.884671e+19 3.994376e+34 2.613843e+04 8.182752e+03 1.495282e+04 -1.200836e+14 1.743622e+14 0.000000e+00 0.000000e+00 0.000000e+00 0.000000e+00
-2.121785e+19 7.133635e+18 -7.909752e+18 1.232101e+34 4.443244e+04 1.473316e+04 4.710143e+03 -2.372358e+14 3.299582e+15 0.000000e+00 0.000000e+00 0.000000e+00 0.000000e+00
-1.179766e+19 -1.397958e+19 -6.671980e+19 1.560122e+34 -5.858476e+03 -1.486525e+03 1.266399e+04 -5.461857e+13 1.828852e+15 0.000000e+00 0.000000e+00 0.000000e+00 0.000000e+00
1.210668e+19 5.005135e+19 2.965059e+19 1.103782e+34 4.188396e+04 -1.724049e+04 -2.034689e+04 -2.959733e+14 4.343761e+15 0.000000e+00 0.000000e+00 0.000000e+00 0.000000e+00
2.201976e+19 -1.012544e+19 7.106795e+18 8.518472e+34 3.929914e+04 -1.573386e+04 9.487420e+03 -1.497703e+13 2.625248e+13 0.000000e+00 0.000000e+00 0.000000e+00 0.000000e+00
-2.304017e+19 -2.878552e+19 -6.652834e+19 1.998135e+34 -2.267201e+04 -5.249507e+04 8.897383e+03 -3.004570e+14 9.851736e+14 0.000000e+00 0.000000e+00 0.000000e+00 0.000000e+00
2.642490e+19 -2.562943e+19 9.275548e+19 1.209532e+34 3.369015e+04 9.107188e+02 -4.657057e+04 -2.393225e+14 3.455664e+15 0.000000e+00 0.000000e+00 0.000000e+00 0.000000e+00
-1.529531e+19 2.810672e+19 -1.027321e+20 2.284426e+34 4.698990e+02 -2.200100e+04 -8.414104e+04 -1.689747e+14 7.049075e+14 0.000000e+00 0.000000e+00 0.000000e+00 0.000000e+00
-3.151490e+19 3.026511e+19 2.898061e+19 1.388774e+34 -5.802188e+03 2.005308e+04 4.123877e+04 -7.692958e+13 2.446223e+15 0.000000e+00 0.000000e+00 0.000000e+00 0.000000e+00
4.598799e+19 -2.851829e+19 -1.384976e+20 2.283776e+34 5.487796e+04 2.445290e+04 3.317759e+04 -1.541709e+13 7.054091e+14 0.000000e+00 0.000000e+00 0.000000e+00 0.000000e+00
2.062537e+19 1.349617e+19 3.439501e+19 1.726320e+34 -4.554646e+04 5.651065e+04 4.419907e+04 -1.803725e+14 1.419944e+15 0.000000e+00 0.000000e+00 0.000000e+00 0.000000e+00
1.563358e+19 -5.863832e+18 2.552999e+19 2.979341e+34 -1.525325e+04 2.546739e+04 2.153845e+04 -7.653469e+13 3.628892e+14 0.000000e+00 0.000000e+00 0.000000e+00 0.000000e+00
-5.268639e+19 1.405277e+19 6.746068e+18 1.725934e+34 4.541337e+04 -2.029713e+03 -2.228760e+04 -8.604202e+13 1.420738e+15 0.000000e+00 0.000000e+00 0.000000e+00 0.000000e+00
5.162583e+19 -2.393823e+18 -1.853117e+18 4.041729e+34 -1.931071e+04 3.257094e+04 -6.103985e+04 -1.352362e+14 1.692999e+14 0.000000e+00 0.000000e+00 0.000000e+00 0.000000e+00
-2.844793e+19 -7.227007e+18 -6.453146e+19 1.815984e+34 -1.020916e+05 3.248684e+04 1.142598e+04 -9.747173e+13 1.251107e+15 0.000000e+00 0.000000e+00 0.000000e+00 0.000000e+00
3.356765e+18 -7.129264e+19 8.912215e+18 1.843625e+34 -2.521855e+03 -4.014804e+04 -5.410652e+04 -3.033553e+14 1.204740e+15 0.000000e+00 0.000000e+00 0.000000e+00 0.000000e+00
1.010433e+20 4.492159e+18 -1.864007e+19 4.576190e+34 -2.408296e+04 1.490249e+04 -1.698882e+04 -1.761042e+14 1.241122e+14 0.000000e+00 0.000000e+00 0.000000e+00 0.000000e+00
-5.262842e+19 1.102357e+18 3.427178e+19 1.467120e+34 2.658885e+04 -2.854231e+04 -1.479601e+04 -6.753097e+13 2.132605e+15 0.000000e+00 0.000000e+00 0.000000e+00 0.000000e+00
-1.954027e+18 -2.473581e+19 -4.860501e+18 1.108452e+34 2.008745e+04 -9.485625e+03 -8.456543e+03 -1.658096e+14 4.298155e+15 0.000000e+00 0.000000e+00 0.000000e+00 0.000000e+00
2.750848e+19 -1.314724e+20 5.302003e+19 1.016424e+34 -2.437879e+04 -2.441103e+04 1.404676e+04 -3.989159e+13 5.338110e+15 0.000000e+00 0.000000e+00 0.000000e+00 0.000000e+00
1.432814e+19 2.197722e+19 -3.464158e+19 2.827406e+34 1.283997e+04 1.045990e+04 -1.799352e+04 -5.246396e+13 4.136224e+14 0.000000e+00 0.000000e+00 0.000000e+00 0.000000e+00
-1.611203e+19 8.980402e+18 -1.916953e+19 2.464558e+34 -9.784540e+03 5.565575e+04 -4.457044e+04 -4.306366e+13 5.830787e+14 0.000000e+00 0.000000e+00 0.000000e+00 0.000000e+00
-2.223209e+19 8.313837e+18 1.968679e+18 1.110735e+34 5.913861e+04 6.252345e+03 -3.595379e+03 -2.743642e+14 4.276108e+15 0.000000e+00 0.000000e+00 0.000000e+00 0.000000e+00
1.043658e+19 -2.783470e+19 2.160634e+19 1.005293e+34 2.834803e+04 -6.529920e+04 4.792887e+04 -2.383677e+14 5.487100e+15 0.000000e+00 0.000000e+00 0.000000e+00 0.000000e+00
-5.515483e+18 1.690955e+19 4.027030e+18 1.376602e+34 5.820861e+04 3.888340e+04 -6.706300e+04 -3.060262e+14 2.500655e+15 0.000000e+00 0.000000e+00 0.000000e+00 0.000000e+00
-8.322272e+19 3.752960e+19 1.384220e+19 1.939273e+34 2.210050e+04 5.730880e+04 5.329210e+04 -5.423963e+12 1.061641e+15 0.000000e+00 0.000000e+00 0.000000e+00 0.000000e+00
1.265974e+20 -3.169310e+19 5.055861e+19 1.446754e+34 -4.962509e+04 3.651871e+04 6.164000e+04 -2.408915e+14 2.208452e+15 0.000000e+00 0.000000e+00 0.000000e+00 0.000000e+00
5.089149e+19 1.027530e+19 -1.757931e+19 1.532955e+34 -2.158568e+03 -4.500693e+04 2.971342e+04 -1.995934e+14 1.910959e+15 0.000000e+00 0.000000e+00 0.000000e+00 0.000000e+00
-2.789748e+18 -6.760459e+19 -2.707070e+19 1.372904e+34 3.166576e+04 -1.636801e+03 -3.696421e+04 -2.286592e+14 2.517528e+15 0.000000e+00 0.000000e+00 0.000000e+00 0.000000e+00
4.871559e+18 -7.113518e+19 3.340197e+19 1.709593e+34 2.928886e+04 -2.242554e+04 1.547216e+04 -3.028107e+14 1.454931e+15 0.000000e+00 0.000000e+00 0.000000e+00 0.000000e+00
-2.148534e+19 -9.885304e+19 -9.298257e+19 3.090373e+34 4.831748e+04 -5.181202e+04 3.232559e+04 -2.329697e+14 3.311673e+14 0.000000e+00 0.000000e+00 0.000000e+00 0.000000e+00
-1.415445e+18 -9.496494e+18 -4.123770e+19 1.454467e+34 -9.952610e+03 -3.005274e+03 1.933438e+04 -2.843930e+14 2.179291e+15 0.000000e+00 0.000000e+00 0.000000e+00 0.000000e+00
4.331103e+19 1.683801e+19 9.110500e+18 2.059888e+34 -2.860176e+04 -3.583816e+04 -5.655999e+04 -1.910189e+14 9.129894e+14 0.000000e+00 0.000000e+00 0.000000e+00 0.000000e+00
