21
0.0 0.0 0.0 3.18144e36 0.0 0.0 0.0 0.0 1.7976931348623157e308 0.0 0.0 0.0 1.7976931348623157e308 1.7976931348623157e308 1.7976931348623157e308 1.7976931348623157e308 3.18144e36 0.0
0.0 0.0 0.0 3.9768e34 0.0 0.0 0.0 0.0 1.262304000000e14 0.0 0.0 0.0 1.7976931348623157e308 1.7976931348623157e308 1.7976931348623157e308 1.7976931348623157e308 3.9768e34 0.0
0.0 0.0 0.0 3.9768e34 0.0 0.0 0.0 0.0 1.356976800000e14 0.0 0.0 0.0 1.7976931348623157e308 1.7976931348623157e308 1.7976931348623157e308 1.7976931348623157e308 3.9768e34 0.0
0.0 0.0 0.0 3.9768e34 0.0 0.0 0.0 0.0 1.451649600000e14 0.0 0.0 0.0 1.7976931348623157e308 1.7976931348623157e308 1.7976931348623157e308 1.7976931348623157e308 3.9768e34 0.0
0.0 0.0 0.0 3.9768e34 0.0 0.0 0.0 0.0 1.546322400000e14 0.0 0.0 0.0 1.7976931348623157e308 1.7976931348623157e308 1.7976931348623157e308 1.7976931348623157e308 3.9768e34 0.0
0.0 0.0 0.0 3.9768e34 0.0 0.0 0.0 0.0 1.640995200000e14 0.0 0.0 0.0 1.7976931348623157e308 1.7976931348623157e308 1.7976931348623157e308 1.7976931348623157e308 3.9768e34 0.0
0.0 0.0 0.0 3.9768e34 0.0 0.0 0.0 0.0 1.735668000000e14 0.0 0.0 0.0 1.7976931348623157e308 1.7976931348623157e308 1.7976931348623157e308 1.7976931348623157e308 3.9768e34 0.0
0.0 0.0 0.0 3.9768e34 0.0 0.0 0.0 0.0 1.830340800000e14 0.0 0.0 0.0 1.7976931348623157e308 1.7976931348623157e308 1.7976931348623157e308 1.7976931348623157e308 3.9768e34 0.0
0.0 0.0 0.0 3.9768e34 0.0 0.0 0.0 0.0 1.925013600000e14 0.0 0.0 0.0 1.7976931348623157e308 1.7976931348623157e308 1.7976931348623157e308 1.7976931348623157e308 3.9768e34 0.0
0.0 0.0 0.0 3.9768e34 0.0 0.0 0.0 0.0 2.019686400000e14 0.0 0.0 0.0 1.7976931348623157e308 1.7976931348623157e308 1.7976931348623157e308 1.7976931348623157e308 3.9768e34 0.0
0.0 0.0 0.0 3.9768e34 0.0 0.0 0.0 0.0 2.114359200000e14 0.0 0.0 0.0 1.7976931348623157e308 1.7976931348623157e308 1.7976931348623157e308 1.7976931348623157e308 3.9768e34 0.0
0.0 0.0 0.0 3.9768e34 0.0 0.0 0.0 0.0 2.209032000000e14 0.0 0.0 0.0 1.7976931348623157e308 1.7976931348623157e308 1.7976931348623157e308 1.7976931348623157e308 3.9768e34 0.0
0.0 0.0 0.0 3.9768e34 0.0 0.0 0.0 0.0 2.303704800000e14 0.0 0.0 0.0 1.7976931348623157e308 1.7976931348623157e308 1.7976931348623157e308 1.7976931348623157e308 3.9768e34 0.0
0.0 0.0 0.0 3.9768e34 0.0 0.0 0.0 0.0 2.398377600000e14 0.0 0.0 0.0 1.7976931348623157e308 1.7976931348623157e308 1.7976931348623157e308 1.7976931348623157e308 3.9768e34 0.0
0.0 0.0 0.0 3.9768e34 0.0 0.0 0.0 0.0 2.493050400000e14 0.0 0.0 0.0 1.7976931348623157e308 1.7976931348623157e308 1.7976931348623157e308 1.7976931348623157e308 3.9768e34 0.0
0.0 0.0 0.0 3.9768e34 0.0 0.0 0.0 0.0 2.587723200000e14 0.0 0.0 0.0 1.7976931348623157e308 1.7976931348623157e308 1.7976931348623157e308 1.7976931348623157e308 3.9768e34 0.0
0.0 0.0 0.0 3.9768e34 0.0 0.0 0.0 0.0 2.682396000000e14 0.0 0.0 0.0 1.7976931348623157e308 1.7976931348623157e308 1.7976931348623157e308 1.7976931348623157e308 3.9768e34 0.0
0.0 0.0 0.0 3.9768e34 0.0 0.0 0.0 0.0 2.777068800000e14 0.0 0.0 0.0 1.7976931348623157e308 1.7976931348623157e308 1.7976931348623157e308 1.7976931348623157e308 3.9768e34 0.0
0.0 0.0 0.0 3.9768e34 0.0 0.0 0.0 0.0 2.871741600000e14 0.0 0.0 0.0 1.7976931348623157e308 1.7976931348623157e308 1.7976931348623157e308 1.7976931348623157e308 3.9768e34 0.0
0.0 0.0 0.0 3.9768e34 0.0 0.0 0.0 0.0 2.966414400000e14 0.0 0.0 0.0 1.7976931348623157e308 1.7976931348623157e308 1.7976931348623157e308 1.7976931348623157e308 3.9768e34 0.0
0.0 0.0 0.0 3.9768e34 0.0 0.0 0.0 0.0 3.061087200000e14 0.0 0.0 0.0 1.7976931348623157e308 1.7976931348623157e308 1.7976931348623157e308 1.7976931348623157e308 3.9768e34 0.0
