40
8.861623346072862720e+19 -2.614401889508777001e+20 1.000000000000000000e+00 1.988409870999999888e+34 0.000000000000000000e+00 0.000000000000000000e+00 0.000000000000000000e+00 
-5.051439775246560461e+19 2.127216614928274227e+20 1.000000000000000000e+00 1.988409870999999888e+34 0.000000000000000000e+00 0.000000000000000000e+00 0.000000000000000000e+00 
-1.616962843168573686e+20 -2.771668772524888228e+20 1.000000000000000000e+00 1.988409870999999888e+34 0.000000000000000000e+00 0.000000000000000000e+00 0.000000000000000000e+00
-3.772497639569195008e+20 -6.302392751912316928e+19 1.000000000000000000e+00 1.988409870999999888e+34 0.000000000000000000e+00 0.000000000000000000e+00 0.000000000000000000e+00
-2.064452895010476851e+20 -1.282542059087838085e+20 1.000000000000000000e+00 1.988409870999999888e+34 0.000000000000000000e+00 0.000000000000000000e+00 0.000000000000000000e+00
3.876706984578282947e+20 -2.072002977957195940e+20 1.000000000000000000e+00 1.988409870999999888e+34 0.000000000000000000e+00 0.000000000000000000e+00 0.000000000000000000e+00 
-3.308644999509916385e+20 1.339869018186495263e+20 1.000000000000000000e+00 1.988409870999999888e+34 0.000000000000000000e+00 0.000000000000000000e+00 0.000000000000000000e+00 
9.578384621326103347e+19 -1.783433230803671450e+20 1.000000000000000000e+00 1.988409870999999888e+34 0.000000000000000000e+00 0.000000000000000000e+00 0.000000000000000000e+00 
-2.668562664041295462e+19 -3.014955827285880340e+20 1.000000000000000000e+00 1.988409870999999888e+34 0.000000000000000000e+00 0.000000000000000000e+00 0.000000000000000000e+00
-3.365803410058423828e+20 3.166180139238066749e+20 1.000000000000000000e+00 1.988409870999999888e+34 0.000000000000000000e+00 0.000000000000000000e+00 0.000000000000000000e+00 
2.322351261798741443e+20 2.690554716065617347e+20 1.000000000000000000e+00 1.988409870999999888e+34 0.000000000000000000e+00 0.000000000000000000e+00 0.000000000000000000e+00 
2.490189347071423611e+20 3.878621878286453309e+20 1.000000000000000000e+00 1.988409870999999888e+34 0.000000000000000000e+00 0.000000000000000000e+00 0.000000000000000000e+00
6.104756177134042317e+19 2.478808847294979113e+20 1.000000000000000000e+00 1.988409870999999888e+34 0.000000000000000000e+00 0.000000000000000000e+00 0.000000000000000000e+00
-6.216013576857877709e+19 -3.733236725802515169e+20 1.000000000000000000e+00 1.988409870999999888e+34 0.000000000000000000e+00 0.000000000000000000e+00 0.000000000000000000e+00
-3.623278571851823514e+19 -3.117987073837113672e+20 1.000000000000000000e+00 1.988409870999999888e+34 0.000000000000000000e+00 0.000000000000000000e+00 0.000000000000000000e+00
2.506089241494279946e+20 1.562080739743033262e+20 1.000000000000000000e+00 1.988409870999999888e+34 0.000000000000000000e+00 0.000000000000000000e+00 0.000000000000000000e+00 
5.157651162480535962e+19 -1.783640489589483438e+20 1.000000000000000000e+00 1.988409870999999888e+34 0.000000000000000000e+00 0.000000000000000000e+00 0.000000000000000000e+00 
3.938022330947220275e+20 -2.859525694129616978e+20 1.000000000000000000e+00 1.988409870999999888e+34 0.000000000000000000e+00 0.000000000000000000e+00 0.000000000000000000e+00 
9.118023975081615360e+19 -1.182156175682489344e+19 1.000000000000000000e+00 1.988409870999999888e+34 0.000000000000000000e+00 0.000000000000000000e+00 0.000000000000000000e+00 
-7.503016121171333939e+19 1.800044318217475195e+20 1.000000000000000000e+00 1.988409870999999888e+34 0.000000000000000000e+00 0.000000000000000000e+00 0.000000000000000000e+00 
-1.399798338445243023e+20 -7.857060683694114406e+19 1.000000000000000000e+00 1.988409870999999888e+34 0.000000000000000000e+00 0.000000000000000000e+00 0.000000000000000000e+00
-1.430194376455849574e+20 3.533124007693780910e+20 1.000000000000000000e+00 1.988409870999999888e+34 0.000000000000000000e+00 0.000000000000000000e+00 0.000000000000000000e+00 
3.307863055226993377e+20 2.479420800670717706e+20 1.000000000000000000e+00 1.988409870999999888e+34 0.000000000000000000e+00 0.000000000000000000e+00 0.000000000000000000e+00 
-3.680865524652602819e+20 3.502716605904285860e+20 1.000000000000000000e+00 1.988409870999999888e+34 0.000000000000000000e+00 0.000000000000000000e+00 0.000000000000000000e+00 
3.558541473098844733e+20 2.422118354491193098e+20 1.000000000000000000e+00 1.988409870999999888e+34 0.000000000000000000e+00 0.000000000000000000e+00 0.000000000000000000e+00 
-1.479064621094644531e+19 3.687472567639105864e+20 1.000000000000000000e+00 1.988409870999999888e+34 0.000000000000000000e+00 0.000000000000000000e+00 0.000000000000000000e+00 
-6.558785166102926131e+19 -1.431191990802575852e+20 1.000000000000000000e+00 1.988409870999999888e+34 0.000000000000000000e+00 0.000000000000000000e+00 0.000000000000000000e+00
-3.820179110074267075e+20 -3.648436677992448000e+20 1.000000000000000000e+00 1.988409870999999888e+34 0.000000000000000000e+00 0.000000000000000000e+00 0.000000000000000000e+00
-3.530663267140507402e+20 -2.939169090633160131e+20 1.000000000000000000e+00 1.988409870999999888e+34 0.000000000000000000e+00 0.000000000000000000e+00 0.000000000000000000e+00
-3.686347698982174065e+20 -2.161317142668889620e+20 1.000000000000000000e+00 1.988409870999999888e+34 0.000000000000000000e+00 0.000000000000000000e+00 0.000000000000000000e+00
3.468873774154143744e+19 -2.538907520971509596e+20 1.000000000000000000e+00 1.988409870999999888e+34 0.000000000000000000e+00 0.000000000000000000e+00 0.000000000000000000e+00 
-2.533227512292916920e+20 -2.768111657571630776e+20 1.000000000000000000e+00 1.988409870999999888e+34 0.000000000000000000e+00 0.000000000000000000e+00 0.000000000000000000e+00
1.445832974088026522e+20 -2.448374087317350810e+19 1.000000000000000000e+00 1.988409870999999888e+34 0.000000000000000000e+00 0.000000000000000000e+00 0.000000000000000000e+00 
2.119201573806034780e+20 1.333658072929355203e+20 1.000000000000000000e+00 1.988409870999999888e+34 0.000000000000000000e+00 0.000000000000000000e+00 0.000000000000000000e+00 
-4.639907967646072832e+19 7.522962945565104538e+19 1.000000000000000000e+00 1.988409870999999888e+34 0.000000000000000000e+00 0.000000000000000000e+00 0.000000000000000000e+00 
-3.029188466806813082e+19 3.659882419197855662e+20 1.000000000000000000e+00 1.988409870999999888e+34 0.000000000000000000e+00 0.000000000000000000e+00 0.000000000000000000e+00 
-2.782346455578036142e+20 3.213888793136402924e+20 1.000000000000000000e+00 1.988409870999999888e+34 0.000000000000000000e+00 0.000000000000000000e+00 0.000000000000000000e+00 
-1.639412683714985216e+18 7.307526905742104986e+19 1.000000000000000000e+00 1.988409870999999888e+34 0.000000000000000000e+00 0.000000000000000000e+00 0.000000000000000000e+00 
1.458827649739312497e+20 -2.548191362200367268e+20 1.000000000000000000e+00 1.988409870999999888e+34 0.000000000000000000e+00 0.000000000000000000e+00 0.000000000000000000e+00 
2.881073697347346104e+20 -1.415015289676245811e+19 1.000000000000000000e+00 1.988409870999999888e+34 0.000000000000000000e+00 0.000000000000000000e+00 0.000000000000000000e+00 
