500
-7.010426e+19 -8.445614e+18 -5.724207e+19 1.415955e+34 -2.854257e+04 -2.785420e+04 -6.445337e+03 -8.459144e+13 2.330509e+15 0.000000e+00 0.000000e+00 0.000000e+00 0.000000e+00
-6.508406e+19 8.562151e+18 5.520581e+18 8.183211e+34 1.203639e+04 2.885786e+04 -2.523678e+04 -6.103184e+13 2.902453e+13 0.000000e+00 0.000000e+00 0.000000e+00 0.000000e+00
2.855564e+19 4.640935e+18 3.239744e+19 2.648654e+34 4.870440e+04 -9.745185e+03 2.381069e+02 -5.551857e+13 4.869807e+14 0.000000e+00 0.000000e+00 0.000000e+00 0.000000e+00
-5.920099e+19 9.168889e+19 5.723829e+19 1.970417e+34 -2.428147e+04 -7.990326e+04 2.974046e+04 -3.066974e+13 1.020186e+15 0.000000e+00 0.000000e+00 0.000000e+00 0.000000e+00
-5.087350e+19 4.765586e+19 5.410143e+19 1.130197e+34 2.407563e+04 -1.007768e+04 3.117202e+03 -3.234082e+13 4.094395e+15 0.000000e+00 0.000000e+00 0.000000e+00 0.000000e+00
-2.350478e+19 1.734429e+19 9.782938e+18 1.130172e+34 1.687758e+04 -5.182544e+04 -1.630453e+04 -8.797521e+13 4.094616e+15 0.000000e+00 0.000000e+00 0.000000e+00 0.000000e+00
-1.509219e+20 -8.318301e+19 7.178957e+19 1.040248e+34 2.594666e+04 -4.178108e+04 1.049977e+04 -5.721331e+13 5.037697e+15 0.000000e+00 0.000000e+00 0.000000e+00 0.000000e+00
-8.873406e+19 -1.901794e+19 8.855249e+19 4.328510e+34 -4.413745e+04 1.428758e+04 -2.270094e+02 -7.741026e+13 1.426358e+14 0.000000e+00 0.000000e+00 0.000000e+00 0.000000e+00
-1.705852e+20 -1.373788e+20 -1.266786e+20 1.979378e+34 -5.256215e+04 3.704159e+04 -2.300190e+04 -7.977226e+13 1.008678e+15 0.000000e+00 0.000000e+00 0.000000e+00 0.000000e+00
9.044173e+18 -9.643225e+19 -2.048958e+18 2.489078e+34 -2.633562e+04 5.624655e+03 3.836204e+04 -1.633860e+13 5.688246e+14 0.000000e+00 0.000000e+00 0.000000e+00 0.000000e+00
2.438500e+19 -5.836613e+19 -4.248766e+19 1.009980e+34 -3.303398e+04 1.099025e+03 1.490709e+04 -9.064249e+13 5.423657e+15 0.000000e+00 0.000000e+00 0.000000e+00 0.000000e+00
-2.339336e+18 -1.152323e+19 5.195724e+19 1.067968e+35 2.265044e+04 4.838470e+03 -1.102504e+04 -5.494995e+13 1.491691e+13 0.000000e+00 0.000000e+00 0.000000e+00 0.000000e+00
9.583686e+19 -2.750154e+19 1.926608e+20 3.703657e+34 -2.690056e+04 1.896172e+03 -3.400069e+04 -7.869459e+13 2.106191e+14 0.000000e+00 0.000000e+00 0.000000e+00 0.000000e+00
5.764809e+19 6.633132e+18 -1.373341e+20 1.190620e+34 -9.512454e+04 1.331427e+04 3.038855e+04 -1.141633e+13 3.594529e+15 0.000000e+00 0.000000e+00 0.000000e+00 0.000000e+00
5.491956e+18 1.549168e+19 7.413399e+18 1.156987e+34 -7.692881e+04 -3.381228e+04 2.110914e+04 -4.190751e+13 3.861478e+15 0.000000e+00 0.000000e+00 0.000000e+00 0.000000e+00
7.746018e+18 3.683599e+17 1.253926e+19 1.158674e+34 6.710831e+04 -2.332265e+02 -2.278721e+04 -7.271754e+13 3.847434e+15 0.000000e+00 0.000000e+00 0.000000e+00 0.000000e+00
-2.280377e+19 -3.036172e+19 -3.153146e+19 1.307150e+34 -5.893582e+03 4.388879e+04 -2.011403e+04 -4.707436e+13 2.846170e+15 0.000000e+00 0.000000e+00 0.000000e+00 0.000000e+00
9.688148e+19 -7.223691e+19 1.657582e+19 1.738326e+34 -2.597522e+04 -1.664070e+04 -3.012932e+04 -2.540354e+13 1.395554e+15 0.000000e+00 0.000000e+00 0.000000e+00 0.000000e+00
1.163208e+19 2.838835e+20 4.244030e+20 1.521784e+34 4.063137e+03 5.202844e+04 1.146170e+04 -3.962371e+12 1.946222e+15 0.000000e+00 0.000000e+00 0.000000e+00 0.000000e+00
9.645297e+18 -4.760211e+18 -2.768164e+19 1.289067e+34 -8.156800e+03 -1.041928e+04 -5.000133e+04 -7.375204e+13 2.947039e+15 0.000000e+00 0.000000e+00 0.000000e+00 0.000000e+00
6.266876e+19 2.493419e+19 2.898589e+19 2.019678e+34 2.884162e+04 -3.447058e+03 -4.946487e+03 -1.076811e+13 9.591120e+14 0.000000e+00 0.000000e+00 0.000000e+00 0.000000e+00
4.168575e+19 -1.821468e+19 -2.016861e+19 1.113776e+34 1.041116e+05 8.823915e+03 -2.356233e+04 -6.215356e+12 4.246977e+15 0.000000e+00 0.000000e+00 0.000000e+00 0.000000e+00
-1.038945e+20 1.399749e+20 2.798432e+20 1.290321e+34 -1.382662e+04 3.651067e+04 4.625200e+03 -7.907285e+12 2.939887e+15 0.000000e+00 0.000000e+00 0.000000e+00 0.000000e+00
3.657917e+19 2.707852e+19 1.278819e+20 1.402230e+34 -4.679947e+04 2.904177e+04 -2.083675e+04 -3.449272e+13 2.387956e+15 0.000000e+00 0.000000e+00 0.000000e+00 0.000000e+00
-6.118808e+19 5.446000e+18 1.189648e+20 1.571945e+34 6.110633e+04 3.428197e+04 -1.364138e+04 -3.502193e+13 1.794657e+15 0.000000e+00 0.000000e+00 0.000000e+00 0.000000e+00
-2.479478e+18 5.819799e+19 -3.008087e+18 3.106024e+34 4.180718e+04 1.300255e+03 2.872149e+04 -5.646105e+13 3.270113e+14 0.000000e+00 0.000000e+00 0.000000e+00 0.000000e+00
-7.936983e+18 3.564170e+19 3.833462e+19 1.176390e+34 1.586074e+04 -2.848883e+04 -2.003536e+04 -2.342514e+13 3.704216e+15 0.000000e+00 0.000000e+00 0.000000e+00 0.000000e+00
-1.029845e+19 2.736321e+19 2.780199e+19 1.710235e+34 3.362668e+04 -1.181924e+04 -1.221831e+04 -4.434334e+13 1.453567e+15 0.000000e+00 0.000000e+00 0.000000e+00 0.000000e+00
5.986009e+18 -1.729699e+19 -7.103401e+18 1.948053e+34 -3.105613e+04 1.289196e+04 6.814054e+04 -3.051694e+13 1.049718e+15 0.000000e+00 0.000000e+00 0.000000e+00 0.000000e+00
-1.082969e+20 -2.719840e+19 9.752630e+19 1.030637e+34 -3.471896e+04 -1.216004e+02 4.695075e+04 -5.407245e+13 5.155968e+15 0.000000e+00 0.000000e+00 0.000000e+00 0.000000e+00
-1.743408e+19 4.299788e+19 -1.137929e+20 2.003285e+34 -2.529075e+03 1.382950e+04 -3.368314e+04 -2.540258e+13 9.788540e+14 0.000000e+00 0.000000e+00 0.000000e+00 0.000000e+00
-2.601421e+21 -2.161288e+21 6.636040e+20 1.145077e+34 1.402214e+04 -7.008767e+03 3.305380e+04 -1.660640e+13 3.962669e+15 0.000000e+00 0.000000e+00 0.000000e+00 0.000000e+00
-1.771855e+20 -8.205027e+20 -5.385322e+20 1.046105e+34 3.875629e+04 8.346867e+04 1.982136e+04 -8.075396e+13 4.967486e+15 0.000000e+00 0.000000e+00 0.000000e+00 0.000000e+00
-6.298025e+18 4.400642e+19 -5.180105e+19 8.011965e+34 1.068188e+04 5.423124e+03 -1.057337e+04 -1.580619e+13 3.060040e+13 0.000000e+00 0.000000e+00 0.000000e+00 0.000000e+00
-4.932568e+19 2.978137e+19 -9.145957e+19 9.979385e+34 1.109530e+04 -1.053626e+04 6.423553e+03 -4.349163e+13 1.767320e+13 0.000000e+00 0.000000e+00 0.000000e+00 0.000000e+00
1.595582e+20 1.534336e+20 9.448686e+19 3.369570e+34 4.299916e+04 -3.370839e+04 3.807664e+04 -1.469585e+13 2.667709e+14 0.000000e+00 0.000000e+00 0.000000e+00 0.000000e+00
5.544583e+19 1.200715e+20 -4.470941e+19 1.307675e+34 4.298344e+04 -4.757973e+03 -6.820508e+04 -5.380341e+13 2.843315e+15 0.000000e+00 0.000000e+00 0.000000e+00 0.000000e+00
-1.428694e+19 -3.092321e+19 1.714270e+19 1.074564e+34 -1.973954e+04 4.135105e+04 1.892052e+02 -5.874774e+13 4.645093e+15 0.000000e+00 0.000000e+00 0.000000e+00 0.000000e+00
1.165429e+19 2.535900e+19 -4.908035e+19 2.350456e+34 -3.249570e+04 -1.735858e+04 2.832547e+04 -8.035934e+12 6.564388e+14 0.000000e+00 0.000000e+00 0.000000e+00 0.000000e+00
-2.542369e+19 -4.053475e+18 -1.023459e+19 1.538432e+34 1.788100e+04 -8.696244e+03 -1.101842e+04 -7.084538e+13 1.893996e+15 0.000000e+00 0.000000e+00 0.000000e+00 0.000000e+00
-6.721842e+19 -2.554339e+20 2.092707e+19 1.097015e+34 -1.269922e+04 -3.096699e+04 5.357044e+04 -1.473876e+13 4.411061e+15 0.000000e+00 0.000000e+00 0.000000e+00 0.000000e+00
4.785519e+19 3.803260e+19 4.368627e+19 1.661921e+34 -1.043663e+04 3.874964e+04 5.050556e+04 -4.881578e+13 1.561525e+15 0.000000e+00 0.000000e+00 0.000000e+00 0.000000e+00
-3.105916e+19 -1.397966e+19 -1.324771e+19 1.020885e+34 3.259538e+04 -1.497488e+04 1.408966e+04 -4.597046e+13 5.279989e+15 0.000000e+00 0.000000e+00 0.000000e+00 0.000000e+00
-3.422853e+18 8.296102e+19 2.160185e+19 5.617080e+34 -7.224056e+02 -3.035739e+04 1.150341e+04 -6.542443e+13 7.435295e+13 0.000000e+00 0.000000e+00 0.000000e+00 0.000000e+00
4.756769e+19 -1.128514e+19 5.936884e+19 1.246379e+34 -3.835234e+04 3.778908e+04 -1.420494e+04 -4.039362e+13 3.205896e+15 0.000000e+00 0.000000e+00 0.000000e+00 0.000000e+00
-4.615583e+19 4.788929e+18 1.105381e+19 2.238700e+34 6.620667e+03 8.319996e+03 -7.501923e+03 -6.384042e+13 7.414549e+14 0.000000e+00 0.000000e+00 0.000000e+00 0.000000e+00
7.625407e+18 -2.077299e+19 -1.397902e+19 1.317796e+34 1.918308e+04 -1.638524e+04 2.932507e+04 -9.089280e+13 2.789039e+15 0.000000e+00 0.000000e+00 0.000000e+00 0.000000e+00
-2.516053e+19 -8.214764e+18 -8.158650e+19 1.725679e+34 -4.379198e+04 3.207229e+03 6.411324e+04 -6.887476e+13 1.421264e+15 0.000000e+00 0.000000e+00 0.000000e+00 0.000000e+00
4.144804e+19 1.159474e+19 4.737964e+19 1.800507e+34 -3.252923e+04 -2.299471e+04 1.767974e+04 -9.400449e+13 1.278168e+15 0.000000e+00 0.000000e+00 0.000000e+00 0.000000e+00
-2.108805e+19 -2.336687e+19 -1.044375e+20 1.160228e+34 5.917564e+03 1.051430e+04 1.687423e+04 -2.047810e+12 3.834564e+15 0.000000e+00 0.000000e+00 0.000000e+00 0.000000e+00
4.041057e+19 -1.273737e+19 4.795634e+19 1.062247e+35 2.074803e+04 3.524816e+04 1.428805e+04 -3.240588e+12 1.511858e+13 0.000000e+00 0.000000e+00 0.000000e+00 0.000000e+00
-1.130145e+20 -8.387158e+19 8.158689e+18 3.006048e+34 -7.795248e+03 2.100465e+04 6.284092e+04 -5.722315e+13 3.548826e+14 0.000000e+00 0.000000e+00 0.000000e+00 0.000000e+00
1.366456e+19 -2.942702e+19 5.955323e+19 7.247741e+34 -4.255800e+03 -3.266526e+04 3.700794e+04 -2.569829e+13 3.931588e+13 0.000000e+00 0.000000e+00 0.000000e+00 0.000000e+00
4.129436e+19 -3.677342e+19 4.120914e+19 5.094180e+34 -3.856557e+03 -7.170597e+04 2.854710e+04 -6.189198e+13 9.492682e+13 0.000000e+00 0.000000e+00 0.000000e+00 0.000000e+00
1.946719e+18 1.404495e+19 1.554962e+20 1.967669e+34 -1.737737e+04 -3.860753e+03 1.175174e+04 -3.111722e+13 1.023752e+15 0.000000e+00 0.000000e+00 0.000000e+00 0.000000e+00
1.169271e+19 4.809726e+19 -1.548533e+19 6.183040e+34 6.273318e+03 2.220630e+04 -1.325573e+04 -1.840787e+13 5.848837e+13 0.000000e+00 0.000000e+00 0.000000e+00 0.000000e+00
-1.825127e+19 -1.528922e+19 1.505239e+19 1.066376e+34 1.678525e+04 -9.367958e+03 2.500807e+04 -5.037285e+12 4.734766e+15 0.000000e+00 0.000000e+00 0.000000e+00 0.000000e+00
-1.265682e+19 7.917998e+18 -2.986247e+18 1.172317e+34 2.011739e+04 -3.139151e+04 3.632045e+04 -5.674472e+13 3.736478e+15 0.000000e+00 0.000000e+00 0.000000e+00 0.000000e+00
5.571900e+19 -8.796845e+19 -4.194502e+18 1.029638e+34 -1.739807e+04 2.541932e+04 1.290220e+04 -2.050174e+13 5.168480e+15 0.000000e+00 0.000000e+00 0.000000e+00 0.000000e+00
6.042727e+19 -4.388957e+19 1.969652e+19 1.337730e+34 5.996216e+04 -8.192289e+03 -1.044794e+04 -6.944904e+13 2.686293e+15 0.000000e+00 0.000000e+00 0.000000e+00 0.000000e+00
-3.703272e+19 4.873281e+19 6.884649e+19 1.440425e+34 -5.667823e+02 -1.078972e+04 2.700000e+04 -9.146414e+11 2.232789e+15 0.000000e+00 0.000000e+00 0.000000e+00 0.000000e+00
7.261756e+17 8.782715e+18 3.408696e+19 1.262523e+34 -5.260056e+04 -3.524442e+04 -3.385940e+04 -9.216999e+13 3.104388e+15 0.000000e+00 0.000000e+00 0.000000e+00 0.000000e+00
4.567054e+18 -2.351916e+19 1.523320e+19 3.647255e+34 3.103122e+04 5.482858e+04 -2.469070e+03 -3.750935e+13 2.188564e+14 0.000000e+00 0.000000e+00 0.000000e+00 0.000000e+00
-1.822641e+18 1.159917e+19 -1.957742e+18 1.386490e+34 -5.434965e+03 1.371832e+03 3.879349e+04 -3.221346e+13 2.456307e+15 0.000000e+00 0.000000e+00 0.000000e+00 0.000000e+00
2.046101e+19 -4.169030e+19 -7.396528e+18 1.275163e+34 -3.015128e+04 6.856340e+03 3.271061e+04 -2.951339e+13 3.028029e+15 0.000000e+00 0.000000e+00 0.000000e+00 0.000000e+00
-5.686083e+19 2.954216e+19 3.460319e+19 1.788756e+34 1.639386e+04 5.266631e+03 3.355286e+04 -8.321837e+13 1.299262e+15 0.000000e+00 0.000000e+00 0.000000e+00 0.000000e+00
-2.145395e+19 -3.764020e+19 -2.654590e+19 1.115176e+34 -8.801729e+04 2.117740e+04 -2.037833e+04 -5.815574e+12 4.233664e+15 0.000000e+00 0.000000e+00 0.000000e+00 0.000000e+00
2.853255e+19 1.953132e+19 -4.296510e+19 3.294260e+34 -5.958413e+04 1.574647e+04 4.569423e+04 -7.746661e+13 2.822798e+14 0.000000e+00 0.000000e+00 0.000000e+00 0.000000e+00
-1.222515e+20 -1.205116e+20 -5.216595e+19 1.054212e+34 -4.412687e+03 3.013810e+04 5.346951e+04 -3.569055e+13 4.872534e+15 0.000000e+00 0.000000e+00 0.000000e+00 0.000000e+00
-4.043786e+19 1.264428e+19 -1.992244e+19 1.515965e+35 4.291173e+04 5.252653e+04 2.511615e+04 -7.354106e+13 6.213722e+12 0.000000e+00 0.000000e+00 0.000000e+00 0.000000e+00
-4.944384e+19 -2.991954e+19 -2.577957e+19 2.978650e+34 2.523956e+03 -5.310992e+04 -7.083458e+03 -6.554287e+13 3.630998e+14 0.000000e+00 0.000000e+00 0.000000e+00 0.000000e+00
4.693113e+19 8.290024e+19 -5.997569e+19 1.175330e+34 -2.741071e+04 6.982815e+04 -4.796791e+03 -4.290865e+13 3.712578e+15 0.000000e+00 0.000000e+00 0.000000e+00 0.000000e+00
-1.694322e+18 -2.049694e+19 -4.690048e+19 9.983834e+33 4.080553e+03 1.705906e+04 2.355109e+03 -5.513817e+13 5.582533e+15 0.000000e+00 0.000000e+00 0.000000e+00 0.000000e+00
1.336808e+19 -1.559298e+19 -7.473848e+19 3.460363e+34 5.529826e+04 -2.119945e+04 7.275521e+03 -7.944938e+13 2.496149e+14 0.000000e+00 0.000000e+00 0.000000e+00 0.000000e+00
6.708217e+18 3.163114e+19 1.432077e+20 2.481556e+34 -2.412699e+04 -4.392296e+04 -1.899980e+04 -7.843605e+13 5.731450e+14 0.000000e+00 0.000000e+00 0.000000e+00 0.000000e+00
2.058430e+20 1.412459e+20 -3.644414e+19 2.627448e+34 -1.140828e+03 -1.489935e+04 -2.162779e+04 -5.504816e+13 4.968661e+14 0.000000e+00 0.000000e+00 0.000000e+00 0.000000e+00
2.827802e+19 4.231169e+18 -6.799309e+18 2.969535e+34 -4.575806e+04 -3.618725e+03 -4.809611e+04 -2.296297e+13 3.658926e+14 0.000000e+00 0.000000e+00 0.000000e+00 0.000000e+00
-1.213365e+20 -1.504263e+20 7.440697e+19 1.053776e+34 2.483198e+04 1.775475e+03 -4.655913e+04 -9.653361e+12 4.877570e+15 0.000000e+00 0.000000e+00 0.000000e+00 0.000000e+00
-3.930099e+19 -3.132178e+19 -3.427901e+19 1.389266e+34 -1.000941e+04 -2.541936e+04 1.133447e+04 -8.664885e+13 2.444058e+15 0.000000e+00 0.000000e+00 0.000000e+00 0.000000e+00
-1.630356e+19 -4.925773e+18 3.514954e+19 1.091229e+34 4.374381e+04 -6.201220e+04 4.682407e+03 -5.741723e+13 4.469766e+15 0.000000e+00 0.000000e+00 0.000000e+00 0.000000e+00
5.320172e+18 4.670147e+19 3.283651e+19 4.261580e+34 -5.151841e+03 2.096446e+04 7.881238e+03 -8.512397e+13 1.483024e+14 0.000000e+00 0.000000e+00 0.000000e+00 0.000000e+00
-1.795590e+20 1.468305e+20 -3.337676e+20 2.064770e+34 -2.443650e+04 -1.130697e+04 -2.500370e+04 -9.303822e+13 9.076019e+14 0.000000e+00 0.000000e+00 0.000000e+00 0.000000e+00
-4.978125e+19 -3.359239e+19 -1.003669e+19 1.346081e+34 3.512707e+04 -2.163497e+02 6.288356e+04 -3.200412e+13 2.644823e+15 0.000000e+00 0.000000e+00 0.000000e+00 0.000000e+00
-2.939972e+19 5.973207e+17 3.419824e+19 1.044843e+34 -1.910604e+03 -2.399381e+04 -4.838917e+04 -3.761146e+13 4.982493e+15 0.000000e+00 0.000000e+00 0.000000e+00 0.000000e+00
3.612206e+19 -2.777673e+18 7.051151e+19 1.316748e+34 -5.868828e+04 -5.252894e+04 9.638517e+03 -7.918509e+13 2.794589e+15 0.000000e+00 0.000000e+00 0.000000e+00 0.000000e+00
2.450677e+19 2.830966e+19 -2.446411e+18 1.337511e+34 1.664251e+04 -5.243297e+04 3.009866e+04 -7.248744e+13 2.687393e+15 0.000000e+00 0.000000e+00 0.000000e+00 0.000000e+00
-7.271559e+18 -2.025524e+19 5.012070e+18 2.631669e+34 -1.567427e+04 3.872389e+03 5.346764e+04 -9.236506e+13 4.948759e+14 0.000000e+00 0.000000e+00 0.000000e+00 0.000000e+00
-1.702763e+19 1.167882e+19 -1.843145e+19 2.124309e+34 2.928899e+04 -9.660695e+03 -2.810464e+04 -1.561531e+13 8.453385e+14 0.000000e+00 0.000000e+00 0.000000e+00 0.000000e+00
-4.647361e+18 2.251441e+18 2.710999e+19 4.861455e+34 -7.004968e+04 -2.434398e+04 -5.945210e+03 -2.394472e+12 1.066986e+14 0.000000e+00 0.000000e+00 0.000000e+00 0.000000e+00
-5.089824e+18 -2.465409e+19 -1.601064e+19 1.607703e+34 -3.210069e+04 -5.187711e+03 3.438523e+03 -8.179244e+13 1.696524e+15 0.000000e+00 0.000000e+00 0.000000e+00 0.000000e+00
-4.706587e+18 -1.244053e+19 2.534408e+19 1.094715e+34 -7.260809e+03 -2.209074e+04 6.429864e+03 -7.270859e+13 4.434273e+15 0.000000e+00 0.000000e+00 0.000000e+00 0.000000e+00
7.667259e+19 -4.216652e+18 2.408636e+19 2.521689e+34 1.446638e+04 -3.644081e+04 4.690877e+04 -1.244951e+13 5.506120e+14 0.000000e+00 0.000000e+00 0.000000e+00 0.000000e+00
2.196849e+19 2.292610e+19 7.006405e+18 2.875355e+34 -3.146444e+03 -2.965734e+02 2.401111e+04 -6.957113e+12 3.965940e+14 0.000000e+00 0.000000e+00 0.000000e+00 0.000000e+00
3.696012e+19 2.833947e+19 1.182301e+18 1.844682e+34 7.665209e+03 3.014664e+04 1.029012e+04 -5.490789e+13 1.203015e+15 0.000000e+00 0.000000e+00 0.000000e+00 0.000000e+00
-2.330524e+19 -1.432883e+20 -9.281402e+19 2.966712e+34 -1.988993e+04 1.086861e+04 -3.633332e+04 -8.981871e+13 3.667636e+14 0.000000e+00 0.000000e+00 0.000000e+00 0.000000e+00
-3.956323e+19 -2.123077e+19 -3.809343e+19 1.658540e+34 3.603350e+03 -1.993558e+03 -5.847021e+03 -9.088122e+13 1.569494e+15 0.000000e+00 0.000000e+00 0.000000e+00 0.000000e+00
-1.066349e+19 6.970378e+19 -4.754233e+19 1.732841e+34 -4.122327e+03 -6.222975e+04 -1.694554e+04 -4.030775e+13 1.406623e+15 0.000000e+00 0.000000e+00 0.000000e+00 0.000000e+00
2.166212e+19 1.180614e+19 -1.986268e+19 1.513020e+34 3.091292e+03 4.298052e+03 -3.255186e+04 -5.743698e+13 1.974526e+15 0.000000e+00 0.000000e+00 0.000000e+00 0.000000e+00
2.379368e+19 1.420470e+19 1.869030e+19 1.013769e+34 4.130836e+04 -2.913459e+04 3.252356e+04 -9.189725e+13 5.373129e+15 0.000000e+00 0.000000e+00 0.000000e+00 0.000000e+00
1.302784e+19 -1.021193e+19 -5.200962e+18 1.083850e+34 1.398588e+04 -2.196773e+04 5.878184e+04 -3.942766e+13 4.546232e+15 0.000000e+00 0.000000e+00 0.000000e+00 0.000000e+00
5.231821e+18 1.368089e+19 -2.774238e+19 1.018524e+34 -3.882798e+04 2.903934e+04 3.353775e+04 -9.353869e+13 5.310633e+15 0.000000e+00 0.000000e+00 0.000000e+00 0.000000e+00
-6.279184e+18 1.264171e+19 3.826587e+19 2.119373e+34 -2.178578e+04 4.446191e+04 -7.213275e+03 -2.011631e+13 8.502686e+14 0.000000e+00 0.000000e+00 0.000000e+00 0.000000e+00
3.005812e+18 2.034624e+19 2.462967e+19 1.321613e+34 9.472911e+03 7.571661e+03 -3.442026e+03 -6.561700e+13 2.768940e+15 0.000000e+00 0.000000e+00 0.000000e+00 0.000000e+00
-7.477855e+18 9.640855e+18 2.015857e+19 1.695541e+34 2.648572e+04 2.494460e+04 -5.604057e+04 -9.079927e+13 1.485264e+15 0.000000e+00 0.000000e+00 0.000000e+00 0.000000e+00
3.467783e+18 1.616507e+18 2.660303e+19 5.547266e+34 4.256718e+04 -5.508213e+04 3.457928e+04 -3.894517e+13 7.671446e+13 0.000000e+00 0.000000e+00 0.000000e+00 0.000000e+00
-4.327994e+19 -5.207962e+18 -3.750628e+19 1.234503e+34 3.677904e+04 -3.645930e+04 -1.245180e+04 -5.698387e+13 3.283558e+15 0.000000e+00 0.000000e+00 0.000000e+00 0.000000e+00
3.087278e+19 1.396589e+19 -7.188095e+18 1.479955e+34 -3.596276e+04 -7.913857e+03 -9.102773e+03 -2.478690e+12 2.086669e+15 0.000000e+00 0.000000e+00 0.000000e+00 0.000000e+00
1.285567e+19 -3.926620e+19 2.492036e+19 2.830858e+34 2.547079e+04 4.178488e+04 4.641191e+04 -4.312245e+13 4.123629e+14 0.000000e+00 0.000000e+00 0.000000e+00 0.000000e+00
5.834826e+18 5.681494e+19 2.433938e+19 1.209715e+34 -1.825193e+04 -7.728153e+03 -5.391952e+04 -6.856817e+13 3.454354e+15 0.000000e+00 0.000000e+00 0.000000e+00 0.000000e+00
-6.245133e+19 -1.603976e+19 -6.184355e+19 1.056308e+34 -2.619282e+04 3.052836e+04 5.357719e+04 -2.748941e+13 4.848393e+15 0.000000e+00 0.000000e+00 0.000000e+00 0.000000e+00
9.667324e+18 -9.069186e+18 1.080056e+19 1.287050e+34 -4.015456e+04 -2.021589e+04 7.393143e+01 -6.892268e+13 2.958599e+15 0.000000e+00 0.000000e+00 0.000000e+00 0.000000e+00
-5.737109e+19 -7.988696e+19 -6.495999e+19 1.135482e+34 9.194886e+03 -2.729125e+04 1.475213e+04 -9.059351e+12 4.046911e+15 0.000000e+00 0.000000e+00 0.000000e+00 0.000000e+00
-6.396459e+19 -1.343842e+19 -4.330974e+19 6.608276e+34 -1.537379e+04 -1.381697e+03 1.873471e+04 -5.915630e+13 4.952838e+13 0.000000e+00 0.000000e+00 0.000000e+00 0.000000e+00
-1.022995e+19 2.028692e+19 1.684751e+18 3.366121e+34 2.752604e+02 -1.513016e+04 -2.637225e+03 -4.258604e+13 2.674547e+14 0.000000e+00 0.000000e+00 0.000000e+00 0.000000e+00
-7.538833e+19 1.312066e+20 2.862675e+19 2.106560e+34 -2.813262e+03 -1.296738e+04 -7.498374e+03 -8.982338e+13 8.632564e+14 0.000000e+00 0.000000e+00 0.000000e+00 0.000000e+00
-9.516717e+19 -1.717943e+20 3.186814e+19 4.449469e+34 5.215700e+04 1.736646e+04 -8.693709e+03 -5.429352e+13 1.331387e+14 0.000000e+00 0.000000e+00 0.000000e+00 0.000000e+00
1.167456e+19 -4.300924e+17 -1.655374e+19 3.311825e+34 2.277586e+04 -1.178809e+04 3.915994e+04 -1.585975e+13 2.785520e+14 0.000000e+00 0.000000e+00 0.000000e+00 0.000000e+00
-1.402021e+19 -2.266711e+19 3.068041e+19 1.162073e+34 1.211057e+04 -4.407157e+03 1.552295e+04 -1.838718e+13 3.819364e+15 0.000000e+00 0.000000e+00 0.000000e+00 0.000000e+00
-9.936344e+19 -3.774866e+19 -5.641297e+19 5.022206e+34 -5.112011e+04 -3.762585e+04 -3.796902e+04 -7.338567e+13 9.836451e+13 0.000000e+00 0.000000e+00 0.000000e+00 0.000000e+00
-8.339365e+18 -6.825531e+19 -7.587245e+19 1.779074e+34 4.723714e+03 5.554223e+04 7.363999e+04 -7.321911e+13 1.317012e+15 0.000000e+00 0.000000e+00 0.000000e+00 0.000000e+00
-2.010447e+19 4.466619e+18 2.546127e+19 3.357686e+34 2.085653e+04 1.540895e+04 -5.775209e+04 -1.728438e+13 2.691377e+14 0.000000e+00 0.000000e+00 0.000000e+00 0.000000e+00
1.335494e+19 5.301416e+18 3.180247e+19 5.135325e+34 -1.761672e+04 -2.658026e+04 -1.929562e+04 -6.584866e+12 9.303679e+13 0.000000e+00 0.000000e+00 0.000000e+00 0.000000e+00
-3.111146e+19 -1.284028e+19 3.535192e+19 1.326920e+34 -5.412876e+03 -1.629358e+04 -6.356001e+04 -8.558609e+13 2.741338e+15 0.000000e+00 0.000000e+00 0.000000e+00 0.000000e+00
4.546822e+19 -1.240023e+19 3.714735e+19 1.085837e+34 2.443622e+04 -3.586550e+04 8.730070e+03 -5.202885e+13 4.525462e+15 0.000000e+00 0.000000e+00 0.000000e+00 0.000000e+00
3.307371e+19 6.521740e+19 2.388435e+19 1.208696e+34 6.764879e+04 -3.086840e+04 -8.151363e+04 -6.268213e+13 3.461637e+15 0.000000e+00 0.000000e+00 0.000000e+00 0.000000e+00
-1.782238e+19 -4.501823e+19 4.950473e+18 1.512164e+34 -9.253290e+03 3.496336e+04 6.474598e+04 -1.223391e+13 1.977321e+15 0.000000e+00 0.000000e+00 0.000000e+00 0.000000e+00
9.866004e+18 3.098171e+19 -4.765169e+19 3.494585e+34 -3.999818e+04 1.527388e+04 -1.422753e+04 -8.670587e+13 2.435486e+14 0.000000e+00 0.000000e+00 0.000000e+00 0.000000e+00
-9.792956e+19 -2.242521e+19 -1.871067e+19 4.211498e+34 -3.386272e+03 8.525364e+04 -4.803908e+04 -7.463380e+13 1.527507e+14 0.000000e+00 0.000000e+00 0.000000e+00 0.000000e+00
1.322849e+19 9.195249e+18 -4.241894e+18 9.994712e+33 8.333956e+03 1.432874e+04 3.631407e+04 -2.341848e+13 5.567355e+15 0.000000e+00 0.000000e+00 0.000000e+00 0.000000e+00
-3.219119e+19 1.037667e+19 -1.853065e+19 1.701154e+34 3.258720e+03 9.126873e+03 -1.182730e+04 -8.975519e+13 1.473044e+15 0.000000e+00 0.000000e+00 0.000000e+00 0.000000e+00
3.259195e+18 -8.411975e+19 4.204752e+19 1.493296e+34 8.835342e+03 -1.209350e+04 2.118791e+04 -4.801021e+13 2.040375e+15 0.000000e+00 0.000000e+00 0.000000e+00 0.000000e+00
-9.831357e+19 1.397525e+20 -1.409469e+18 1.201869e+34 -1.197755e+04 1.137682e+04 -1.916413e+01 -5.278114e+13 3.511010e+15 0.000000e+00 0.000000e+00 0.000000e+00 0.000000e+00
-1.752503e+19 -2.959573e+19 -5.280214e+19 1.094969e+34 3.675770e+04 -2.585413e+03 -5.683890e+04 -6.297097e+13 4.431695e+15 0.000000e+00 0.000000e+00 0.000000e+00 0.000000e+00
1.526808e+19 -5.200386e+19 -3.659953e+19 1.356317e+34 4.118499e+04 -3.042355e+04 -2.036825e+04 -5.727830e+13 2.595204e+15 0.000000e+00 0.000000e+00 0.000000e+00 0.000000e+00
2.130694e+19 -1.049170e+19 9.355844e+18 7.505405e+34 -1.934329e+04 4.387450e+04 -6.865538e+04 -4.447138e+13 3.602793e+13 0.000000e+00 0.000000e+00 0.000000e+00 0.000000e+00
2.869173e+18 2.964105e+19 -4.759540e+19 1.334571e+34 1.023077e+05 3.350023e+04 8.208460e+03 -7.934136e+13 2.702221e+15 0.000000e+00 0.000000e+00 0.000000e+00 0.000000e+00
-3.757553e+19 2.754776e+19 4.597947e+19 1.722270e+34 -1.722695e+03 8.393839e+03 1.791482e+04 -4.049261e+13 1.428308e+15 0.000000e+00 0.000000e+00 0.000000e+00 0.000000e+00
2.170484e+19 3.084825e+19 -3.661525e+17 2.458136e+34 2.108998e+04 1.719328e+04 3.853283e+03 -1.840766e+13 5.868942e+14 0.000000e+00 0.000000e+00 0.000000e+00 0.000000e+00
3.991699e+19 -1.886584e+18 -1.552752e+18 1.397713e+34 -6.364165e+03 -5.839931e+03 -5.416627e+03 -2.269069e+13 2.407298e+15 0.000000e+00 0.000000e+00 0.000000e+00 0.000000e+00
4.355902e+19 -2.150896e+19 9.135734e+18 1.102336e+35 3.700925e+04 1.842993e+04 -9.487654e+04 -8.004784e+13 1.378128e+13 0.000000e+00 0.000000e+00 0.000000e+00 0.000000e+00
-9.837306e+18 -2.522967e+18 8.671786e+18 9.522422e+34 2.143815e+04 5.434590e+03 3.247338e+02 -8.048781e+13 1.987037e+13 0.000000e+00 0.000000e+00 0.000000e+00 0.000000e+00
2.317920e+19 -3.551347e+19 -1.355138e+19 1.237594e+34 -1.259366e+04 3.571779e+04 3.180896e+04 -6.923656e+13 3.263089e+15 0.000000e+00 0.000000e+00 0.000000e+00 0.000000e+00
-3.249550e+19 -4.304007e+18 1.248884e+19 1.667020e+34 -2.511778e+04 1.235279e+04 -3.072653e+04 -6.044744e+13 1.549610e+15 0.000000e+00 0.000000e+00 0.000000e+00 0.000000e+00
-3.181764e+19 -3.125712e+19 5.914936e+18 1.302420e+34 -4.488808e+04 -2.133200e+04 2.903495e+04 -5.596483e+13 2.872083e+15 0.000000e+00 0.000000e+00 0.000000e+00 0.000000e+00
2.008427e+19 1.259141e+19 -1.248300e+19 1.280398e+34 3.112303e+04 1.580782e+04 2.456118e+04 -3.030321e+13 2.997176e+15 0.000000e+00 0.000000e+00 0.000000e+00 0.000000e+00
3.607318e+18 -1.088931e+20 1.263266e+20 1.022887e+34 1.688537e+04 -2.181309e+04 1.500830e+04 -8.924558e+13 5.254184e+15 0.000000e+00 0.000000e+00 0.000000e+00 0.000000e+00
4.096734e+19 4.238864e+19 4.362413e+19 2.010931e+34 2.614688e+04 2.366737e+04 3.967441e+04 -9.132768e+13 9.695755e+14 0.000000e+00 0.000000e+00 0.000000e+00 0.000000e+00
3.802701e+19 -7.341062e+19 2.762384e+19 1.680561e+34 2.314567e+04 1.054096e+04 3.580458e+04 -5.753013e+13 1.518584e+15 0.000000e+00 0.000000e+00 0.000000e+00 0.000000e+00
1.629868e+19 -7.989564e+19 8.018743e+19 1.034766e+34 -7.981856e+02 -2.964616e+04 -4.379096e+03 -2.865074e+13 5.104685e+15 0.000000e+00 0.000000e+00 0.000000e+00 0.000000e+00
-1.070107e+19 -4.035387e+19 4.519893e+19 1.272120e+34 -2.420623e+04 -2.291108e+04 -3.774710e+03 -7.630747e+13 3.046173e+15 0.000000e+00 0.000000e+00 0.000000e+00 0.000000e+00
2.069416e+19 4.784371e+18 9.737023e+18 5.574865e+34 -2.575456e+04 -1.094553e+04 -6.076800e+04 -3.391654e+13 7.576851e+13 0.000000e+00 0.000000e+00 0.000000e+00 0.000000e+00
-1.597408e+19 4.606223e+19 4.448467e+19 1.222590e+34 7.016048e+03 -8.714979e+02 -2.569002e+04 -7.002618e+13 3.364131e+15 0.000000e+00 0.000000e+00 0.000000e+00 0.000000e+00
-5.473727e+18 6.628744e+19 2.859333e+19 1.119082e+34 2.154714e+04 2.963941e+04 -5.144707e+04 -1.077717e+13 4.196812e+15 0.000000e+00 0.000000e+00 0.000000e+00 0.000000e+00
-6.051720e+19 7.302520e+19 3.662976e+19 1.648014e+34 -2.478696e+04 -2.597284e+04 -2.969186e+04 -9.868566e+12 1.594676e+15 0.000000e+00 0.000000e+00 0.000000e+00 0.000000e+00
4.518087e+19 2.774264e+19 1.294676e+19 1.468731e+35 2.709396e+04 -7.226492e+03 -7.684717e+03 -6.648225e+13 6.725418e+12 0.000000e+00 0.000000e+00 0.000000e+00 0.000000e+00
2.193335e+19 -9.172754e+18 1.392599e+19 1.225617e+34 -6.522872e+04 1.979396e+04 -3.944618e+04 -7.284875e+13 3.343395e+15 0.000000e+00 0.000000e+00 0.000000e+00 0.000000e+00
-2.841691e+19 -9.989789e+18 -2.814997e+19 2.286645e+34 2.018865e+03 8.127391e+03 4.527063e+04 -5.569535e+13 7.031979e+14 0.000000e+00 0.000000e+00 0.000000e+00 0.000000e+00
-1.066233e+19 2.931242e+19 3.667306e+19 2.882599e+34 -4.258117e+04 -9.929986e+04 6.924980e+03 -7.185179e+13 3.941069e+14 0.000000e+00 0.000000e+00 0.000000e+00 0.000000e+00
-4.336115e+19 3.277791e+19 6.046703e+19 1.220265e+34 5.873462e+04 3.945958e+04 7.765980e+03 -3.099511e+13 3.380177e+15 0.000000e+00 0.000000e+00 0.000000e+00 0.000000e+00
-2.237980e+19 7.709079e+18 -6.613028e+19 2.621898e+34 -1.595369e+04 2.538885e+04 -3.078810e+04 -1.645567e+13 4.994994e+14 0.000000e+00 0.000000e+00 0.000000e+00 0.000000e+00
-2.908038e+19 -2.129450e+19 3.096376e+19 1.404594e+34 1.558784e+04 1.555968e+04 3.548068e+04 -3.092810e+13 2.377924e+15 0.000000e+00 0.000000e+00 0.000000e+00 0.000000e+00
-3.307308e+20 -3.268834e+19 -3.681244e+20 2.101926e+34 8.998794e+04 1.187587e+04 -1.564994e+04 -1.661785e+13 8.680227e+14 0.000000e+00 0.000000e+00 0.000000e+00 0.000000e+00
6.197838e+19 -3.438189e+19 -2.475711e+19 2.107094e+34 -7.673299e+02 -5.855511e+04 -2.170248e+04 -5.704937e+13 8.627105e+14 0.000000e+00 0.000000e+00 0.000000e+00 0.000000e+00
-3.255029e+19 6.211024e+17 1.815382e+19 1.768905e+34 -1.327024e+04 -1.798790e+04 5.898744e+03 -7.981916e+13 1.336021e+15 0.000000e+00 0.000000e+00 0.000000e+00 0.000000e+00
1.831996e+19 -9.034040e+17 -1.694053e+19 1.067968e+34 -2.673209e+04 3.561737e+04 9.410950e+02 -2.479194e+13 4.717145e+15 0.000000e+00 0.000000e+00 0.000000e+00 0.000000e+00
1.373970e+19 -1.855934e+19 1.902811e+19 3.748585e+34 -2.370512e+02 -1.159504e+04 5.991148e+03 -6.050423e+13 2.043648e+14 0.000000e+00 0.000000e+00 0.000000e+00 0.000000e+00
7.324328e+18 2.745699e+19 2.525316e+19 1.330993e+34 2.695135e+04 -2.916572e+04 -2.051000e+04 -3.110041e+13 2.720415e+15 0.000000e+00 0.000000e+00 0.000000e+00 0.000000e+00
2.776177e+19 -1.293711e+19 4.574970e+17 1.162018e+34 -9.830745e+03 -4.476521e+04 -2.576070e+04 -6.900292e+13 3.819820e+15 0.000000e+00 0.000000e+00 0.000000e+00 0.000000e+00
3.904870e+18 3.502644e+18 -3.250614e+19 1.026022e+34 -1.545139e+04 2.758069e+04 9.489759e+03 -8.692303e+13 5.214145e+15 0.000000e+00 0.000000e+00 0.000000e+00 0.000000e+00
1.538112e+19 -3.409413e+19 -1.760784e+19 1.942691e+34 6.374011e+03 2.681525e+04 -3.541833e+03 -7.018215e+11 1.056976e+15 0.000000e+00 0.000000e+00 0.000000e+00 0.000000e+00
-2.259705e+19 2.105412e+19 7.428632e+18 2.314782e+34 1.278907e+04 -4.274199e+03 9.581028e+03 -7.983009e+13 6.820235e+14 0.000000e+00 0.000000e+00 0.000000e+00 0.000000e+00
3.371640e+19 -3.247918e+19 1.658016e+20 1.006873e+34 -1.892286e+04 -8.037824e+04 -3.441062e+03 -1.095467e+12 5.465599e+15 0.000000e+00 0.000000e+00 0.000000e+00 0.000000e+00
1.473314e+19 -1.607817e+19 5.959916e+18 1.704645e+34 4.642543e+04 2.926942e+04 3.239127e+04 -2.149500e+12 1.465513e+15 0.000000e+00 0.000000e+00 0.000000e+00 0.000000e+00
1.947153e+19 -5.311322e+19 -3.098532e+19 1.207002e+34 4.034461e+04 1.978079e+03 7.363768e+03 -1.950646e+13 3.473801e+15 0.000000e+00 0.000000e+00 0.000000e+00 0.000000e+00
1.259261e+19 -4.900605e+19 1.407582e+19 2.157758e+34 -2.005984e+04 -1.120983e+04 2.099890e+04 -3.222131e+13 8.129571e+14 0.000000e+00 0.000000e+00 0.000000e+00 0.000000e+00
-1.454156e+20 4.064768e+20 3.463469e+19 1.149095e+34 3.929388e+04 -5.454555e+03 -1.373481e+04 -3.994283e+13 3.928123e+15 0.000000e+00 0.000000e+00 0.000000e+00 0.000000e+00
1.883618e+19 1.049741e+19 1.456381e+19 2.387624e+34 8.319767e+01 1.867920e+04 -4.611284e+04 -1.266786e+13 6.311895e+14 0.000000e+00 0.000000e+00 0.000000e+00 0.000000e+00
-2.601806e+19 1.816878e+19 -4.035108e+19 1.437007e+34 -7.475375e+04 -1.884971e+04 -3.884187e+04 -6.722471e+13 2.246093e+15 0.000000e+00 0.000000e+00 0.000000e+00 0.000000e+00
1.290068e+20 2.474909e+20 1.708309e+20 7.052992e+34 -1.649146e+04 -5.726115e+03 -1.383449e+04 -5.036162e+13 4.208634e+13 0.000000e+00 0.000000e+00 0.000000e+00 0.000000e+00
-5.025552e+19 -1.394556e+20 1.227615e+19 1.111852e+34 4.739382e+04 9.736014e+03 1.072513e+04 -3.600875e+13 4.265373e+15 0.000000e+00 0.000000e+00 0.000000e+00 0.000000e+00
-2.669903e+19 3.870837e+19 1.153257e+20 1.361646e+34 2.034026e+04 -3.801900e+04 3.479321e+04 -5.570609e+13 2.569886e+15 0.000000e+00 0.000000e+00 0.000000e+00 0.000000e+00
3.659230e+19 -5.651923e+18 -1.234328e+19 1.089001e+34 -2.402742e+03 2.093645e+04 -3.399151e+04 -5.416436e+13 4.492662e+15 0.000000e+00 0.000000e+00 0.000000e+00 0.000000e+00
-1.924409e+19 -2.355355e+19 8.367234e+18 6.328875e+34 -5.056235e+04 2.573969e+04 1.319944e+04 -6.336043e+13 5.517704e+13 0.000000e+00 0.000000e+00 0.000000e+00 0.000000e+00
1.887289e+19 -3.853627e+19 7.365239e+19 4.593549e+34 -2.932684e+04 -2.924825e+04 3.760600e+04 -4.122716e+13 1.229430e+14 0.000000e+00 0.000000e+00 0.000000e+00 0.000000e+00
8.629575e+19 9.486733e+19 -1.680619e+20 1.245319e+34 -3.869031e+04 5.261478e+04 -2.841186e+04 -1.413685e+13 3.212723e+15 0.000000e+00 0.000000e+00 0.000000e+00 0.000000e+00
2.148157e+19 -2.530762e+19 5.983869e+19 2.226424e+34 2.086763e+04 -1.161862e+04 2.058887e+04 -7.554180e+13 7.517184e+14 0.000000e+00 0.000000e+00 0.000000e+00 0.000000e+00
5.766459e+19 -3.041262e+19 2.643504e+19 3.483879e+34 -1.766365e+04 -6.215291e+03 2.267676e+03 -6.203159e+12 2.454240e+14 0.000000e+00 0.000000e+00 0.000000e+00 0.000000e+00
-2.050423e+19 1.670518e+18 -3.535478e+19 1.825955e+34 -3.258971e+04 2.322856e+04 -1.578842e+04 -2.941480e+13 1.234098e+15 0.000000e+00 0.000000e+00 0.000000e+00 0.000000e+00
-7.797926e+19 -6.147623e+19 -4.308898e+19 1.751757e+34 -7.382803e+03 -3.331108e+04 -8.255783e+04 -1.671977e+13 1.368957e+15 0.000000e+00 0.000000e+00 0.000000e+00 0.000000e+00
2.785233e+18 -2.984533e+19 1.372616e+19 1.225370e+34 -6.158536e+03 7.770292e+04 2.650023e+04 -4.198791e+13 3.345081e+15 0.000000e+00 0.000000e+00 0.000000e+00 0.000000e+00
1.018334e+19 1.993594e+19 -3.864440e+19 1.070470e+34 -5.615940e+02 -9.476925e+03 1.666386e+03 -2.085948e+13 4.689627e+15 0.000000e+00 0.000000e+00 0.000000e+00 0.000000e+00
-5.322702e+19 -8.582608e+17 8.869103e+18 5.172579e+34 1.789356e+04 -3.938689e+04 3.724388e+04 -9.307531e+13 9.137068e+13 0.000000e+00 0.000000e+00 0.000000e+00 0.000000e+00
-4.784865e+19 3.538199e+19 -1.928165e+19 5.282166e+34 2.337629e+04 2.249089e+04 1.522183e+04 -1.718266e+13 8.670509e+13 0.000000e+00 0.000000e+00 0.000000e+00 0.000000e+00
2.217951e+19 2.910912e+19 9.120782e+18 2.105282e+34 7.051920e+02 2.101402e+04 2.021827e+04 -9.081054e+13 8.645675e+14 0.000000e+00 0.000000e+00 0.000000e+00 0.000000e+00
-7.398395e+18 8.127198e+18 -2.389588e+19 1.358496e+34 -1.147022e+04 -1.960126e+04 4.253277e+03 -1.041508e+13 2.584812e+15 0.000000e+00 0.000000e+00 0.000000e+00 0.000000e+00
4.613453e+19 2.106560e+19 5.631423e+19 1.374414e+34 5.053993e+04 -4.128637e+04 -4.688412e+04 -7.603884e+11 2.510619e+15 0.000000e+00 0.000000e+00 0.000000e+00 0.000000e+00
1.320395e+19 2.160404e+18 3.943407e+19 2.606182e+34 5.434632e+03 7.473691e+02 6.582587e+03 -6.678687e+13 5.070640e+14 0.000000e+00 0.000000e+00 0.000000e+00 0.000000e+00
1.643279e+19 1.867865e+19 6.717547e+19 5.169057e+34 8.015070e+03 -8.183696e+03 4.948070e+04 -7.471018e+13 9.152639e+13 0.000000e+00 0.000000e+00 0.000000e+00 0.000000e+00
2.534741e+19 -5.981860e+18 1.500843e+19 4.857800e+34 -5.209855e+04 -2.790688e+04 -2.430149e+03 -2.219850e+13 1.068995e+14 0.000000e+00 0.000000e+00 0.000000e+00 0.000000e+00
-3.820165e+19 -1.228774e+19 -4.412731e+19 3.052324e+34 -5.347637e+04 -6.640893e+03 5.507240e+04 -7.066968e+13 3.415845e+14 0.000000e+00 0.000000e+00 0.000000e+00 0.000000e+00
5.476063e+19 -1.194378e+19 3.380971e+19 2.143815e+34 7.465687e+02 6.606480e+03 -4.012740e+04 -1.271887e+13 8.262401e+14 0.000000e+00 0.000000e+00 0.000000e+00 0.000000e+00
-5.363670e+18 2.421876e+18 -1.806670e+19 1.062544e+34 -2.001779e+04 -1.313634e+04 -9.418217e+03 -8.487827e+13 4.777573e+15 0.000000e+00 0.000000e+00 0.000000e+00 0.000000e+00
-5.101270e+18 1.246680e+19 -4.376406e+19 1.135899e+34 4.182763e+04 1.726127e+04 -3.528187e+04 -8.269163e+13 4.043204e+15 0.000000e+00 0.000000e+00 0.000000e+00 0.000000e+00
-2.637291e+19 -1.018248e+18 -9.950510e+18 5.217740e+34 8.098212e+03 1.532349e+04 3.808545e+04 -1.972430e+12 8.940638e+13 0.000000e+00 0.000000e+00 0.000000e+00 0.000000e+00
-1.908695e+19 7.624884e+18 -4.669672e+17 1.999089e+34 5.156701e+04 -3.398704e+04 -2.548698e+04 -3.085745e+13 9.839986e+14 0.000000e+00 0.000000e+00 0.000000e+00 0.000000e+00
3.813264e+20 2.983461e+20 3.112985e+20 1.001185e+34 -4.091146e+04 -8.536181e+03 1.613037e+04 -1.448569e+13 5.543567e+15 0.000000e+00 0.000000e+00 0.000000e+00 0.000000e+00
-2.625112e+19 -3.206972e+19 1.632975e+19 1.077995e+34 3.223773e+04 -3.385598e+03 -9.487701e+03 -6.392385e+13 4.608218e+15 0.000000e+00 0.000000e+00 0.000000e+00 0.000000e+00
2.562551e+19 1.182603e+20 -1.316937e+19 2.243480e+34 5.010942e+03 -2.812343e+04 6.902077e+04 -3.060723e+13 7.375125e+14 0.000000e+00 0.000000e+00 0.000000e+00 0.000000e+00
-2.524959e+19 -2.358823e+19 -1.754521e+19 9.980336e+33 -5.231872e+04 5.108889e+03 6.687240e+04 -3.838797e+13 5.587426e+15 0.000000e+00 0.000000e+00 0.000000e+00 0.000000e+00
-5.505996e+18 -7.598524e+18 8.711787e+19 1.135060e+34 2.875635e+02 -7.103091e+03 -1.071281e+04 -3.754517e+13 4.050673e+15 0.000000e+00 0.000000e+00 0.000000e+00 0.000000e+00
6.031319e+19 8.527469e+19 -1.559134e+19 1.806497e+34 -5.811965e+03 4.382271e+04 -7.113791e+04 -3.003497e+13 1.267598e+15 0.000000e+00 0.000000e+00 0.000000e+00 0.000000e+00
6.789827e+19 2.755112e+19 -7.158154e+18 2.393043e+34 5.003206e+04 -4.730961e+04 -7.754366e+03 -4.017442e+13 6.276226e+14 0.000000e+00 0.000000e+00 0.000000e+00 0.000000e+00
8.332219e+18 -4.257125e+19 -3.944397e+19 2.188617e+34 -1.392069e+04 1.826689e+04 -5.113962e+04 -5.401527e+13 7.846037e+14 0.000000e+00 0.000000e+00 0.000000e+00 0.000000e+00
-4.118078e+19 1.062849e+19 3.104769e+19 1.204391e+34 1.512563e+04 6.505019e+04 -4.348390e+04 -6.850351e+13 3.492657e+15 0.000000e+00 0.000000e+00 0.000000e+00 0.000000e+00
4.035990e+19 1.544341e+19 1.815702e+19 2.514891e+34 6.247462e+03 -2.248109e+04 1.481164e+04 -2.189406e+13 5.543408e+14 0.000000e+00 0.000000e+00 0.000000e+00 0.000000e+00
1.754772e+20 -5.662134e+18 -1.181971e+20 1.219797e+34 6.899138e+02 -2.181326e+04 1.683139e+04 -7.320082e+13 3.383421e+15 0.000000e+00 0.000000e+00 0.000000e+00 0.000000e+00
6.698491e+19 2.544652e+19 -1.088390e+20 1.337833e+34 5.885965e+04 -7.131269e+03 2.438725e+04 -2.910574e+13 2.685775e+15 0.000000e+00 0.000000e+00 0.000000e+00 0.000000e+00
-9.633621e+19 -2.677701e+20 1.101587e+20 2.757457e+34 -4.207457e+04 -3.207571e+04 1.632744e+04 -7.253285e+13 4.403550e+14 0.000000e+00 0.000000e+00 0.000000e+00 0.000000e+00
2.576557e+19 -2.651518e+18 8.416118e+18 2.177919e+34 4.842507e+04 1.067668e+04 -9.266469e+03 -3.544676e+13 7.942742e+14 0.000000e+00 0.000000e+00 0.000000e+00 0.000000e+00
5.938378e+18 8.721579e+19 -4.447861e+19 3.986578e+34 4.290528e+01 -4.165460e+04 2.063213e+04 -2.392842e+13 1.752161e+14 0.000000e+00 0.000000e+00 0.000000e+00 0.000000e+00
6.151927e+19 7.654128e+19 2.048304e+20 2.215094e+34 2.881631e+04 -1.564188e+04 -1.438171e+04 -7.391592e+13 7.613673e+14 0.000000e+00 0.000000e+00 0.000000e+00 0.000000e+00
1.680782e+19 1.606110e+19 -2.265297e+19 1.866912e+34 8.729485e+03 -1.514104e+04 -1.220546e+03 -8.893688e+13 1.167522e+15 0.000000e+00 0.000000e+00 0.000000e+00 0.000000e+00
-6.821040e+18 1.961044e+19 -2.835934e+18 1.070981e+34 6.848423e+04 -8.959969e+03 -1.074196e+04 -8.221684e+13 4.684041e+15 0.000000e+00 0.000000e+00 0.000000e+00 0.000000e+00
3.735773e+19 2.751884e+19 8.923635e+19 1.404481e+34 -2.103379e+04 2.333829e+04 -4.970738e+03 -3.727584e+13 2.378399e+15 0.000000e+00 0.000000e+00 0.000000e+00 0.000000e+00
-2.481490e+19 -6.525049e+19 -1.135493e+19 1.254569e+34 -2.109346e+04 4.214316e+04 4.719130e+04 -1.424357e+13 3.153833e+15 0.000000e+00 0.000000e+00 0.000000e+00 0.000000e+00
1.204349e+20 4.970127e+19 3.756689e+19 1.227978e+34 -1.949846e+04 -6.173092e+04 3.376361e+04 -9.035094e+13 3.327351e+15 0.000000e+00 0.000000e+00 0.000000e+00 0.000000e+00
-2.805319e+19 -1.662719e+18 -5.880346e+18 1.126310e+35 -2.224228e+04 2.485131e+04 -6.326036e+04 -2.515142e+13 1.305961e+13 0.000000e+00 0.000000e+00 0.000000e+00 0.000000e+00
1.038530e+20 -2.155703e+18 -5.257236e+19 1.448278e+34 2.915077e+04 -4.037612e+04 2.474588e+04 -6.231653e+13 2.202646e+15 0.000000e+00 0.000000e+00 0.000000e+00 0.000000e+00
3.363082e+18 -7.911674e+18 3.313646e+19 5.006268e+34 5.310742e+02 -3.199435e+04 -1.232870e+04 -4.933539e+13 9.914924e+13 0.000000e+00 0.000000e+00 0.000000e+00 0.000000e+00
-2.276594e+19 -2.012673e+19 -5.603033e+18 2.097025e+34 2.242929e+04 2.539733e+03 1.997711e+04 -6.730456e+12 8.731035e+14 0.000000e+00 0.000000e+00 0.000000e+00 0.000000e+00
-6.593860e+18 1.787219e+19 2.439793e+19 3.209440e+34 6.446718e+04 -5.188070e+04 5.363030e+04 -6.320084e+13 3.013017e+14 0.000000e+00 0.000000e+00 0.000000e+00 0.000000e+00
-7.403154e+19 -7.301139e+19 -6.672632e+19 1.680456e+34 3.466373e+03 -3.019714e+04 -4.241316e+04 -5.058340e+13 1.518822e+15 0.000000e+00 0.000000e+00 0.000000e+00 0.000000e+00
-6.830778e+19 -1.171892e+19 -4.855541e+19 1.894940e+34 -6.096385e+03 2.912066e+04 -3.221767e+03 -9.331353e+13 1.124828e+15 0.000000e+00 0.000000e+00 0.000000e+00 0.000000e+00
-1.997895e+19 1.000907e+19 -6.032495e+19 1.655427e+34 4.930611e+04 -4.819651e+04 5.404365e+02 -8.688811e+13 1.576884e+15 0.000000e+00 0.000000e+00 0.000000e+00 0.000000e+00
3.100638e+19 3.331519e+19 1.448777e+19 1.171504e+34 -4.074253e+04 1.093796e+04 2.983307e+04 -7.014317e+13 3.742962e+15 0.000000e+00 0.000000e+00 0.000000e+00 0.000000e+00
1.142833e+20 -9.872496e+19 -4.115889e+19 2.582248e+34 -1.364429e+04 -8.576760e+04 7.416960e+03 -9.197296e+13 5.188954e+14 0.000000e+00 0.000000e+00 0.000000e+00 0.000000e+00
-3.309061e+19 1.080131e+19 3.704033e+19 1.274947e+34 1.429687e+04 1.226294e+04 4.120160e+04 -3.487484e+13 3.029313e+15 0.000000e+00 0.000000e+00 0.000000e+00 0.000000e+00
4.233979e+19 1.167338e+20 -6.662894e+18 1.012902e+34 -3.483368e+04 2.125368e+04 3.979152e+04 -5.426730e+13 5.384639e+15 0.000000e+00 0.000000e+00 0.000000e+00 0.000000e+00
-1.308925e+19 1.433789e+19 5.179657e+19 2.159099e+34 -5.788827e+04 9.504895e+03 -1.549406e+04 -4.274908e+13 8.116960e+14 0.000000e+00 0.000000e+00 0.000000e+00 0.000000e+00
-3.295054e+19 1.973087e+19 -3.107045e+19 1.151984e+34 -2.590375e+03 1.041806e+04 -1.494172e+04 -7.808498e+13 3.903538e+15 0.000000e+00 0.000000e+00 0.000000e+00 0.000000e+00
1.825065e+19 -3.444965e+19 4.254122e+19 7.318163e+34 -2.195157e+04 2.020594e+02 -3.449294e+04 -6.661046e+13 3.837686e+13 0.000000e+00 0.000000e+00 0.000000e+00 0.000000e+00
-3.658593e+18 -3.541059e+19 2.363979e+19 8.505609e+34 -3.531500e+04 2.122621e+04 -3.649845e+04 -3.180489e+13 2.635185e+13 0.000000e+00 0.000000e+00 0.000000e+00 0.000000e+00
1.039626e+19 -8.528893e+19 5.539141e+19 5.851730e+34 2.177741e+04 1.416250e+04 -5.530008e+04 -3.282640e+12 6.712186e+13 0.000000e+00 0.000000e+00 0.000000e+00 0.000000e+00
4.479813e+19 3.110007e+18 4.275709e+19 1.408564e+34 -2.201206e+04 3.799860e+04 -3.103637e+04 -8.983817e+13 2.361202e+15 0.000000e+00 0.000000e+00 0.000000e+00 0.000000e+00
-2.716805e+19 1.580239e+19 1.923724e+19 1.005998e+34 -1.506635e+04 1.414521e+04 2.646068e+04 -1.037052e+13 5.477498e+15 0.000000e+00 0.000000e+00 0.000000e+00 0.000000e+00
-1.680776e+20 1.979248e+19 4.415280e+19 6.528471e+34 -8.130256e+03 -2.038031e+04 4.728146e+04 -4.003042e+13 5.105590e+13 0.000000e+00 0.000000e+00 0.000000e+00 0.000000e+00
3.354689e+19 4.065097e+18 -3.690335e+19 1.514293e+34 5.672705e+04 3.098475e+04 3.714391e+03 -4.125670e+13 1.970380e+15 0.000000e+00 0.000000e+00 0.000000e+00 0.000000e+00
-1.459977e+18 2.364854e+19 -6.243837e+19 1.013709e+35 -2.627088e+04 -2.797033e+04 1.796017e+04 -4.727765e+13 1.699382e+13 0.000000e+00 0.000000e+00 0.000000e+00 0.000000e+00
6.342567e+18 -9.796514e+19 1.530311e+20 9.684998e+34 1.369926e+04 4.475951e+04 2.212889e+04 -8.804276e+13 1.904697e+13 0.000000e+00 0.000000e+00 0.000000e+00 0.000000e+00
4.929887e+19 5.743576e+19 1.816007e+19 4.057482e+34 -4.891102e+04 3.336633e+04 -3.158689e+04 -8.610493e+13 1.676614e+14 0.000000e+00 0.000000e+00 0.000000e+00 0.000000e+00
-2.081934e+19 -4.696289e+18 1.572093e+19 1.293488e+34 -1.244549e+04 7.241853e+03 6.596203e+04 -3.775692e+13 2.921924e+15 0.000000e+00 0.000000e+00 0.000000e+00 0.000000e+00
4.987660e+19 2.244721e+20 -8.503551e+18 1.434138e+34 1.014009e+05 1.885895e+04 -5.035009e+03 -6.235059e+13 2.257342e+15 0.000000e+00 0.000000e+00 0.000000e+00 0.000000e+00
5.029577e+19 3.837801e+18 -5.998913e+19 4.022050e+34 1.748256e+04 2.801297e+04 -9.514423e+03 -7.827103e+12 1.713784e+14 0.000000e+00 0.000000e+00 0.000000e+00 0.000000e+00
1.669129e+18 3.016175e+19 -3.421379e+19 1.325342e+34 5.856193e+04 6.585947e+03 1.715302e+04 -5.614128e+13 2.749508e+15 0.000000e+00 0.000000e+00 0.000000e+00 0.000000e+00
2.631174e+19 -4.019423e+18 1.063814e+19 1.144004e+34 2.176476e+04 1.282638e+04 2.827074e+04 -8.105243e+13 3.971967e+15 0.000000e+00 0.000000e+00 0.000000e+00 0.000000e+00
3.654795e+19 -1.088932e+20 -1.616837e+19 1.830845e+34 -2.004685e+04 -1.910272e+04 -3.491355e+04 -2.698988e+13 1.225874e+15 0.000000e+00 0.000000e+00 0.000000e+00 0.000000e+00
5.983886e+19 -1.553379e+19 -4.624014e+19 7.014032e+34 1.438689e+04 2.447042e+04 1.585062e+04 -6.685442e+13 4.267321e+13 0.000000e+00 0.000000e+00 0.000000e+00 0.000000e+00
-6.536009e+19 4.997680e+18 -1.102125e+18 2.416770e+34 5.462837e+04 -1.093121e+03 2.272491e+04 -4.489431e+13 6.123311e+14 0.000000e+00 0.000000e+00 0.000000e+00 0.000000e+00
6.419483e+19 5.292760e+19 -1.479165e+20 1.872549e+34 -3.550645e+04 -1.352420e+04 2.359805e+04 -2.858744e+13 1.158754e+15 0.000000e+00 0.000000e+00 0.000000e+00 0.000000e+00
-1.075540e+20 -3.342814e+19 1.871798e+19 1.074118e+34 2.773350e+04 -1.048952e+04 -1.398673e+03 -9.435813e+12 4.649914e+15 0.000000e+00 0.000000e+00 0.000000e+00 0.000000e+00
-2.536162e+19 7.475951e+18 -1.377409e+19 2.031878e+34 -4.939305e+04 -1.254437e+04 2.994697e+04 -1.966038e+13 9.447795e+14 0.000000e+00 0.000000e+00 0.000000e+00 0.000000e+00
1.958812e+19 -2.907500e+19 2.596136e+19 1.654692e+35 1.880872e+04 1.540313e+04 2.556195e+03 -3.061883e+13 4.992079e+12 0.000000e+00 0.000000e+00 0.000000e+00 0.000000e+00
2.886714e+19 2.044644e+19 -1.450018e+19 1.114353e+34 2.961434e+02 -2.242696e+04 2.370527e+04 -3.030926e+13 4.241481e+15 0.000000e+00 0.000000e+00 0.000000e+00 0.000000e+00
-1.006074e+20 7.446743e+18 -9.071471e+18 1.721043e+34 1.378316e+04 1.512138e+04 -1.620620e+04 -5.115961e+12 1.430854e+15 0.000000e+00 0.000000e+00 0.000000e+00 0.000000e+00
2.028813e+18 2.794217e+18 -1.573579e+19 4.594406e+34 -7.009945e+04 3.483932e+04 -1.466830e+04 -6.662067e+13 1.228856e+14 0.000000e+00 0.000000e+00 0.000000e+00 0.000000e+00
-1.643885e+19 3.242611e+19 -5.996189e+19 2.713298e+34 -2.804706e+04 2.168584e+04 -1.183916e+04 -9.450279e+13 4.584912e+14 0.000000e+00 0.000000e+00 0.000000e+00 0.000000e+00
-8.232489e+18 -1.034163e+20 -2.284039e+19 2.422508e+34 3.460342e+04 1.919401e+04 2.320806e+04 -6.887892e+13 6.087114e+14 0.000000e+00 0.000000e+00 0.000000e+00 0.000000e+00
-1.543260e+20 2.343185e+19 -6.267932e+18 2.454913e+34 -4.444289e+04 3.857972e+04 9.447047e+03 -7.399373e+13 5.888226e+14 0.000000e+00 0.000000e+00 0.000000e+00 0.000000e+00
-3.223666e+19 3.187881e+19 9.256396e+18 1.390934e+34 -1.196669e+04 3.761454e+03 -5.694326e+04 -3.199315e+13 2.436737e+15 0.000000e+00 0.000000e+00 0.000000e+00 0.000000e+00
-9.045928e+19 7.064540e+19 -5.260899e+19 1.292308e+34 1.338171e+04 -3.445226e+04 -4.314164e+04 -3.465381e+13 2.928599e+15 0.000000e+00 0.000000e+00 0.000000e+00 0.000000e+00
-2.306069e+19 6.006501e+18 1.009185e+19 3.381634e+34 -4.953921e+04 3.534554e+04 -1.956984e+04 -3.846181e+13 2.643980e+14 0.000000e+00 0.000000e+00 0.000000e+00 0.000000e+00
2.088314e+19 -9.338022e+19 9.934548e+19 3.391119e+34 5.004164e+04 -1.836956e+04 -5.469894e+04 -9.307124e+13 2.625530e+14 0.000000e+00 0.000000e+00 0.000000e+00 0.000000e+00
1.777628e+19 -1.431781e+19 1.541629e+19 4.348489e+34 -3.631532e+04 3.935744e+04 -4.145505e+03 -2.565977e+13 1.410031e+14 0.000000e+00 0.000000e+00 0.000000e+00 0.000000e+00
1.922346e+19 -5.541122e+18 -4.721807e+19 5.780690e+34 -1.779963e+04 4.303325e+03 1.728465e+04 -6.399943e+13 6.920307e+13 0.000000e+00 0.000000e+00 0.000000e+00 0.000000e+00
2.689471e+19 -1.139039e+20 -4.566248e+18 1.702696e+34 3.647580e+04 4.628774e+04 -1.078851e+04 -3.168838e+13 1.469711e+15 0.000000e+00 0.000000e+00 0.000000e+00 0.000000e+00
-7.260596e+18 1.666125e+19 -2.342925e+19 1.677641e+34 -4.314251e+04 -1.438330e+04 9.415440e+03 -4.195123e+13 1.525202e+15 0.000000e+00 0.000000e+00 0.000000e+00 0.000000e+00
-1.188196e+19 -2.901231e+19 -1.888112e+19 3.248817e+34 -3.133754e+04 -3.209899e+04 1.213648e+04 -6.218291e+13 2.922548e+14 0.000000e+00 0.000000e+00 0.000000e+00 0.000000e+00
-2.037157e+19 8.422719e+18 9.351915e+19 2.179432e+34 -1.519315e+03 1.578938e+02 -2.378079e+04 -8.187601e+13 7.928958e+14 0.000000e+00 0.000000e+00 0.000000e+00 0.000000e+00
-1.960704e+18 6.679327e+19 -6.834117e+19 2.451805e+34 -7.441481e+03 -3.102639e+04 2.994095e+04 -8.567522e+13 5.906901e+14 0.000000e+00 0.000000e+00 0.000000e+00 0.000000e+00
4.351739e+19 -6.774948e+19 -1.790561e+17 3.220420e+34 3.379900e+04 -6.106775e+04 -2.935323e+04 -1.593971e+13 2.987399e+14 0.000000e+00 0.000000e+00 0.000000e+00 0.000000e+00
8.495981e+19 2.092079e+19 2.127940e+19 4.943921e+34 -4.869756e+04 -2.209144e+04 -1.784431e+03 -7.720245e+12 1.023047e+14 0.000000e+00 0.000000e+00 0.000000e+00 0.000000e+00
4.971937e+19 -3.528892e+19 2.700124e+19 1.356902e+34 -4.716987e+04 -3.094905e+04 -3.177903e+04 -3.313285e+13 2.592411e+15 0.000000e+00 0.000000e+00 0.000000e+00 0.000000e+00
-3.712223e+19 9.164901e+18 4.594364e+18 1.417728e+34 6.819682e+03 1.348768e+03 -2.258306e+04 -8.482231e+13 2.323232e+15 0.000000e+00 0.000000e+00 0.000000e+00 0.000000e+00
-5.965836e+18 -6.958624e+18 -4.568147e+19 1.071255e+34 5.827602e+03 -1.872404e+04 -7.917379e+03 -5.657301e+13 4.681043e+15 0.000000e+00 0.000000e+00 0.000000e+00 0.000000e+00
-1.643188e+19 -2.566164e+19 -1.127707e+19 1.899518e+34 5.459447e+04 4.276738e+04 -4.141176e+04 -2.564452e+13 1.118062e+15 0.000000e+00 0.000000e+00 0.000000e+00 0.000000e+00
1.453277e+20 -1.125556e+20 6.515512e+18 1.022129e+34 2.710235e+04 2.552812e+04 -3.648116e+04 -2.083071e+13 5.263934e+15 0.000000e+00 0.000000e+00 0.000000e+00 0.000000e+00
-2.660995e+19 -3.082910e+19 -5.928677e+19 1.592824e+34 2.674540e+04 4.920186e+04 -3.564313e+04 -8.342357e+13 1.736423e+15 0.000000e+00 0.000000e+00 0.000000e+00 0.000000e+00
-3.716699e+19 -3.232710e+19 -1.542006e+19 1.788607e+34 -2.983031e+04 3.224914e+04 9.780868e+03 -9.460509e+13 1.299533e+15 0.000000e+00 0.000000e+00 0.000000e+00 0.000000e+00
1.886720e+19 8.398140e+18 -5.380596e+19 1.282693e+34 1.803553e+04 1.018713e+04 1.366495e+04 -2.723414e+13 2.983789e+15 0.000000e+00 0.000000e+00 0.000000e+00 0.000000e+00
-1.318427e+20 -1.531742e+19 -2.078754e+20 1.942482e+34 -4.315634e+04 3.321547e+04 3.904477e+04 -6.087115e+13 1.057261e+15 0.000000e+00 0.000000e+00 0.000000e+00 0.000000e+00
1.721030e+19 2.374092e+19 -6.177693e+18 1.017786e+34 -7.408572e+03 -2.327449e+03 -4.895592e+04 -7.053203e+13 5.320270e+15 0.000000e+00 0.000000e+00 0.000000e+00 0.000000e+00
-3.870187e+18 -4.891513e+19 -5.312008e+19 1.023258e+34 1.682269e+04 1.772939e+04 -1.092111e+03 -9.338780e+13 5.249427e+15 0.000000e+00 0.000000e+00 0.000000e+00 0.000000e+00
-6.160746e+19 -4.740318e+18 8.423848e+18 3.558047e+34 3.670241e+04 -1.179649e+04 1.933171e+04 -4.349135e+13 2.328335e+14 0.000000e+00 0.000000e+00 0.000000e+00 0.000000e+00
-2.981913e+19 -6.360500e+19 2.876413e+19 1.392074e+34 -3.315919e+04 -1.678211e+03 -4.746886e+03 -1.408233e+13 2.431749e+15 0.000000e+00 0.000000e+00 0.000000e+00 0.000000e+00
9.934468e+18 2.662350e+18 7.737380e+18 1.101778e+34 7.407524e+03 -1.295160e+04 -3.349611e+03 -4.008385e+12 4.363546e+15 0.000000e+00 0.000000e+00 0.000000e+00 0.000000e+00
1.054815e+20 6.219569e+19 -9.176766e+19 1.731520e+34 2.698227e+04 -1.514249e+04 -5.141505e+04 -4.108400e+13 1.409307e+15 0.000000e+00 0.000000e+00 0.000000e+00 0.000000e+00
-3.386240e+19 -1.576374e+20 -1.435781e+20 2.957688e+34 5.707519e+04 4.410311e+04 -4.117329e+04 -4.593584e+13 3.695676e+14 0.000000e+00 0.000000e+00 0.000000e+00 0.000000e+00
3.824606e+19 1.861285e+19 -5.496671e+19 1.194601e+34 2.253973e+04 -1.729992e+04 9.519928e+03 -8.656099e+13 3.564652e+15 0.000000e+00 0.000000e+00 0.000000e+00 0.000000e+00
7.856411e+19 3.773004e+19 2.471897e+19 2.063124e+34 9.653120e+03 -8.548822e+03 -2.460421e+04 -4.268024e+13 9.094131e+14 0.000000e+00 0.000000e+00 0.000000e+00 0.000000e+00
1.827010e+20 1.392673e+19 8.308016e+19 1.063604e+34 -2.243489e+04 -3.076437e+04 -2.617010e+04 -5.865894e+13 4.765679e+15 0.000000e+00 0.000000e+00 0.000000e+00 0.000000e+00
3.125089e+19 -8.760397e+18 -8.692404e+19 1.034934e+34 -2.122972e+03 -2.423341e+04 2.315862e+04 -3.716815e+13 5.102620e+15 0.000000e+00 0.000000e+00 0.000000e+00 0.000000e+00
-1.145508e+18 -1.456484e+19 2.607874e+19 1.756490e+34 4.852706e+04 -1.981148e+04 8.735207e+03 -5.783138e+13 1.359754e+15 0.000000e+00 0.000000e+00 0.000000e+00 0.000000e+00
-1.903547e+19 2.510513e+19 -6.359226e+19 1.782792e+34 1.634795e+04 1.446915e+04 3.409307e+03 -7.187378e+13 1.310156e+15 0.000000e+00 0.000000e+00 0.000000e+00 0.000000e+00
-2.160544e+19 7.177426e+19 6.212006e+18 2.123758e+34 2.426588e+04 1.480303e+04 -3.939417e+04 -8.562353e+13 8.458861e+14 0.000000e+00 0.000000e+00 0.000000e+00 0.000000e+00
-2.867383e+19 3.962129e+19 2.251193e+19 2.607119e+34 2.838695e+04 2.800109e+04 -2.393689e+04 -6.481420e+13 5.066086e+14 0.000000e+00 0.000000e+00 0.000000e+00 0.000000e+00
1.028466e+19 -6.586243e+19 7.376641e+19 1.186664e+35 1.302177e+03 2.135511e+04 -5.886023e+03 -8.546463e+13 1.146187e+13 0.000000e+00 0.000000e+00 0.000000e+00 0.000000e+00
-1.049761e+20 -1.686080e+20 9.410518e+19 1.715668e+34 3.502837e+04 7.611466e+04 -2.467656e+04 -7.787213e+13 1.442087e+15 0.000000e+00 0.000000e+00 0.000000e+00 0.000000e+00
6.491754e+19 1.505228e+20 1.240557e+20 1.334206e+34 -4.493455e+04 8.988978e+03 2.444605e+04 -1.198101e+12 2.704069e+15 0.000000e+00 0.000000e+00 0.000000e+00 0.000000e+00
2.455439e+19 4.753124e+19 -1.813903e+19 3.213624e+34 -7.456654e+03 4.644289e+04 -4.268336e+04 -5.259225e+13 3.003218e+14 0.000000e+00 0.000000e+00 0.000000e+00 0.000000e+00
1.654989e+19 1.177115e+19 1.646025e+19 1.261850e+34 2.264435e+04 -2.065241e+04 5.695929e+04 -4.428868e+13 3.108531e+15 0.000000e+00 0.000000e+00 0.000000e+00 0.000000e+00
-1.355794e+20 -2.145398e+20 -3.925372e+20 1.536010e+34 6.499097e+04 -2.589184e+04 -1.697266e+04 -1.195670e+13 1.901470e+15 0.000000e+00 0.000000e+00 0.000000e+00 0.000000e+00
7.423858e+18 -8.198412e+19 1.059395e+20 1.057587e+34 2.807517e+04 -1.352521e+04 -5.453507e+02 -4.192175e+11 4.833748e+15 0.000000e+00 0.000000e+00 0.000000e+00 0.000000e+00
-2.562582e+18 2.702514e+19 2.595705e+18 1.013715e+34 8.932616e+02 -6.346223e+04 4.834529e+02 -3.947855e+13 5.373842e+15 0.000000e+00 0.000000e+00 0.000000e+00 0.000000e+00
1.524052e+20 2.017328e+19 1.262340e+20 9.549858e+34 -2.240839e+04 -1.697890e+04 4.797427e+04 -1.774148e+13 1.972797e+13 0.000000e+00 0.000000e+00 0.000000e+00 0.000000e+00
1.311923e+20 7.447248e+19 -1.445202e+19 3.759415e+34 -4.087656e+04 2.558705e+04 -8.155500e+03 -6.367676e+13 2.028962e+14 0.000000e+00 0.000000e+00 0.000000e+00 0.000000e+00
5.990776e+19 -1.226503e+19 1.833172e+19 2.416447e+34 -9.049831e+03 2.484304e+04 1.201473e+04 -6.568218e+13 6.125355e+14 0.000000e+00 0.000000e+00 0.000000e+00 0.000000e+00
-2.053695e+19 6.995832e+19 3.855438e+18 1.477274e+34 1.865909e+04 3.063697e+04 -9.861146e+03 -5.650901e+13 2.096150e+15 0.000000e+00 0.000000e+00 0.000000e+00 0.000000e+00
5.493277e+18 -4.525932e+19 2.382698e+19 1.147970e+34 -1.988339e+04 -3.626979e+04 -2.596118e+04 -3.098343e+13 3.937747e+15 0.000000e+00 0.000000e+00 0.000000e+00 0.000000e+00
-7.532557e+18 -7.500779e+18 -1.624307e+19 1.130620e+34 9.616055e+04 3.964640e+04 -4.308964e+04 -3.006721e+13 4.090567e+15 0.000000e+00 0.000000e+00 0.000000e+00 0.000000e+00
-1.603527e+19 1.469450e+19 -4.015444e+19 1.235681e+34 -4.302554e+04 1.479055e+04 1.876666e+04 -6.478383e+13 3.275736e+15 0.000000e+00 0.000000e+00 0.000000e+00 0.000000e+00
2.823892e+19 9.878929e+19 -6.024232e+19 1.807963e+34 1.795106e+04 -9.218366e+03 -3.153507e+03 -8.200528e+13 1.265029e+15 0.000000e+00 0.000000e+00 0.000000e+00 0.000000e+00
4.233177e+18 4.045186e+18 -5.443812e+18 2.530371e+34 1.074976e+04 1.887997e+03 -7.138029e+04 -3.477825e+13 5.459012e+14 0.000000e+00 0.000000e+00 0.000000e+00 0.000000e+00
-2.282867e+19 -2.012948e+19 3.384544e+19 2.227449e+34 -7.421895e+03 -2.865337e+04 6.643512e+03 -8.246735e+13 7.508531e+14 0.000000e+00 0.000000e+00 0.000000e+00 0.000000e+00
6.551866e+18 -4.199199e+19 -2.884462e+19 1.273830e+34 9.733895e+04 1.106340e+04 -9.281838e+03 -3.987798e+13 3.035958e+15 0.000000e+00 0.000000e+00 0.000000e+00 0.000000e+00
-1.253232e+19 -1.592890e+19 6.284590e+19 8.605159e+34 3.010237e+04 1.481733e+04 1.462289e+04 -2.900472e+13 2.559631e+13 0.000000e+00 0.000000e+00 0.000000e+00 0.000000e+00
-1.834199e+20 -3.535022e+19 -6.446033e+19 2.691745e+34 1.983987e+04 6.610052e+04 -3.591501e+04 -2.832455e+13 4.677242e+14 0.000000e+00 0.000000e+00 0.000000e+00 0.000000e+00
3.476433e+19 9.381724e+18 -2.965809e+19 1.823380e+34 1.549903e+04 -3.109638e+04 1.903541e+04 -2.332351e+13 1.238460e+15 0.000000e+00 0.000000e+00 0.000000e+00 0.000000e+00
3.732168e+19 -7.487445e+18 2.705977e+19 2.019171e+34 -2.986888e+04 -1.451044e+04 -8.680988e+03 -1.202852e+13 9.597147e+14 0.000000e+00 0.000000e+00 0.000000e+00 0.000000e+00
2.848336e+19 -9.013407e+19 3.164076e+19 1.497508e+34 3.186242e+04 2.901654e+04 -3.965664e+04 -4.730788e+13 2.026057e+15 0.000000e+00 0.000000e+00 0.000000e+00 0.000000e+00
-1.505360e+19 5.459244e+19 -2.043541e+17 1.232573e+34 1.855991e+03 -2.403203e+04 -4.007332e+04 -2.552058e+13 3.296423e+15 0.000000e+00 0.000000e+00 0.000000e+00 0.000000e+00
3.569490e+19 -4.516076e+18 4.008550e+18 1.385229e+34 -7.005382e+03 -1.096251e+04 8.000752e+04 -3.602931e+13 2.461901e+15 0.000000e+00 0.000000e+00 0.000000e+00 0.000000e+00
-4.083706e+19 -3.041392e+19 2.483678e+19 2.850172e+34 1.417374e+04 -4.579966e+04 -1.746849e+04 -7.695037e+13 4.054122e+14 0.000000e+00 0.000000e+00 0.000000e+00 0.000000e+00
-2.102078e+19 -1.197651e+19 -1.564784e+19 1.005176e+34 3.334719e+04 6.713994e+04 -5.074401e+04 -9.217755e+13 5.488693e+15 0.000000e+00 0.000000e+00 0.000000e+00 0.000000e+00
-4.687466e+16 -3.871647e+18 3.179786e+19 1.091419e+34 -6.119027e+04 6.005355e+04 1.362970e+04 -6.768811e+13 4.467823e+15 0.000000e+00 0.000000e+00 0.000000e+00 0.000000e+00
7.299095e+18 -1.785281e+19 5.841983e+19 1.030271e+34 -2.822683e+04 1.650981e+04 -8.494999e+04 -5.269347e+13 5.160547e+15 0.000000e+00 0.000000e+00 0.000000e+00 0.000000e+00
-2.820063e+19 -4.233675e+19 1.603581e+19 1.025984e+34 1.759834e+02 9.771088e+03 3.105116e+04 -3.622484e+13 5.214622e+15 0.000000e+00 0.000000e+00 0.000000e+00 0.000000e+00
1.059828e+20 1.101881e+20 -1.149372e+20 4.104958e+34 -3.297123e+04 1.881290e+03 -2.922008e+04 -1.419505e+13 1.628557e+14 0.000000e+00 0.000000e+00 0.000000e+00 0.000000e+00
-2.361795e+19 3.812705e+19 1.733139e+19 2.461999e+34 8.387528e+03 -3.008513e+04 -1.236338e+04 -7.604159e+13 5.845948e+14 0.000000e+00 0.000000e+00 0.000000e+00 0.000000e+00
3.331774e+19 -1.617096e+19 -6.121535e+19 1.612170e+34 -3.238208e+04 2.030612e+04 2.890649e+04 -8.272999e+13 1.684798e+15 0.000000e+00 0.000000e+00 0.000000e+00 0.000000e+00
4.330610e+18 2.692141e+19 -7.424499e+19 1.074709e+34 -7.578983e+03 3.351856e+02 -4.626718e+04 -3.455089e+12 4.643517e+15 0.000000e+00 0.000000e+00 0.000000e+00 0.000000e+00
-6.966698e+18 7.219236e+18 -5.558509e+18 1.653238e+34 -9.698798e+03 -2.546666e+03 8.633139e+04 -8.438612e+13 1.582109e+15 0.000000e+00 0.000000e+00 0.000000e+00 0.000000e+00
-7.654891e+19 3.480845e+19 -6.303814e+18 1.610566e+34 -3.616682e+04 4.679860e+04 3.341642e+04 -4.933892e+13 1.688996e+15 0.000000e+00 0.000000e+00 0.000000e+00 0.000000e+00
-2.020646e+19 8.087820e+18 2.370070e+19 1.147874e+34 9.210371e+03 5.639287e+04 1.305919e+04 -3.920899e+13 3.938578e+15 0.000000e+00 0.000000e+00 0.000000e+00 0.000000e+00
-1.951239e+20 -1.675858e+20 1.311828e+20 1.525614e+34 1.274652e+04 -2.641684e+03 4.080364e+04 -4.338965e+13 1.934029e+15 0.000000e+00 0.000000e+00 0.000000e+00 0.000000e+00
2.418927e+19 -9.040482e+18 1.433748e+19 1.458018e+34 3.579382e+04 -2.129811e+04 -4.205257e+04 -8.646867e+13 2.166044e+15 0.000000e+00 0.000000e+00 0.000000e+00 0.000000e+00
3.058631e+18 5.224306e+19 -7.886292e+18 2.035167e+34 -6.548014e+03 -2.697958e+04 -1.135564e+03 -8.921280e+13 9.409672e+14 0.000000e+00 0.000000e+00 0.000000e+00 0.000000e+00
1.593892e+19 1.525313e+19 -7.145462e+18 2.113740e+34 4.038721e+04 -1.581169e+04 -4.610275e+02 -8.462842e+13 8.559450e+14 0.000000e+00 0.000000e+00 0.000000e+00 0.000000e+00
3.239614e+20 9.456415e+20 -2.668464e+20 1.029701e+34 1.956632e+03 2.673486e+04 -7.227926e+04 -3.920672e+13 5.167695e+15 0.000000e+00 0.000000e+00 0.000000e+00 0.000000e+00
1.037274e+19 -8.924180e+18 6.041690e+19 1.416078e+34 -1.970299e+04 5.973781e+03 4.003824e+04 -4.310862e+13 2.330003e+15 0.000000e+00 0.000000e+00 0.000000e+00 0.000000e+00
-1.758319e+19 -2.290815e+19 -6.768500e+19 2.075183e+34 -1.596237e+04 -6.205718e+04 2.112729e+04 -7.249425e+13 8.962594e+14 0.000000e+00 0.000000e+00 0.000000e+00 0.000000e+00
-3.194435e+18 1.391811e+19 1.543617e+19 1.681713e+34 -2.063693e+04 -3.967539e+04 -1.940959e+04 -3.426946e+13 1.515985e+15 0.000000e+00 0.000000e+00 0.000000e+00 0.000000e+00
4.088752e+19 -9.296402e+19 1.618187e+19 4.125277e+34 -5.946659e+03 -2.061604e+04 -7.093276e+04 -1.702305e+13 1.608577e+14 0.000000e+00 0.000000e+00 0.000000e+00 0.000000e+00
2.233582e+19 -2.653103e+19 -4.290235e+18 2.220241e+34 2.929638e+04 4.063030e+04 2.216382e+04 -9.067430e+13 7.569621e+14 0.000000e+00 0.000000e+00 0.000000e+00 0.000000e+00
8.826540e+19 -1.272570e+20 7.815227e+19 1.137235e+34 -3.700484e+04 -7.476264e+03 7.218546e+02 -4.748092e+13 4.031334e+15 0.000000e+00 0.000000e+00 0.000000e+00 0.000000e+00
3.014054e+19 -1.683563e+19 -9.208042e+17 1.050796e+34 1.957737e+04 2.086672e+04 -2.298829e+04 -2.939372e+13 4.912230e+15 0.000000e+00 0.000000e+00 0.000000e+00 0.000000e+00
-3.116671e+17 2.213282e+19 2.485946e+19 2.145525e+34 2.737773e+03 1.398944e+04 4.837149e+04 -7.073727e+13 8.245954e+14 0.000000e+00 0.000000e+00 0.000000e+00 0.000000e+00
3.151838e+17 -9.945853e+18 1.333277e+19 1.014629e+34 2.302194e+04 2.480018e+04 3.665791e+03 -6.549041e+13 5.361746e+15 0.000000e+00 0.000000e+00 0.000000e+00 0.000000e+00
-5.618639e+19 1.422338e+19 -9.187202e+18 1.924905e+34 4.602500e+04 1.244111e+04 -2.712371e+04 -3.655295e+13 1.081562e+15 0.000000e+00 0.000000e+00 0.000000e+00 0.000000e+00
3.396387e+19 -5.206178e+19 -3.100498e+19 7.301264e+34 4.579400e+04 2.183000e+04 -1.350199e+04 -9.656138e+12 3.859931e+13 0.000000e+00 0.000000e+00 0.000000e+00 0.000000e+00
-2.761756e+18 -2.031063e+19 3.852185e+18 1.890211e+34 -1.555801e+04 8.752967e+03 1.602696e+04 -1.798267e+13 1.131876e+15 0.000000e+00 0.000000e+00 0.000000e+00 0.000000e+00
1.029384e+19 -6.137484e+19 9.075440e+19 1.439530e+34 6.494650e+03 9.233038e+03 5.632649e+04 -3.943922e+13 2.236261e+15 0.000000e+00 0.000000e+00 0.000000e+00 0.000000e+00
-2.572981e+19 -3.846124e+19 -3.283357e+19 2.149368e+34 3.498162e+04 5.300974e+03 3.160642e+04 -2.552318e+13 8.209140e+14 0.000000e+00 0.000000e+00 0.000000e+00 0.000000e+00
2.752360e+19 5.611908e+19 1.585919e+19 1.576673e+34 -3.357821e+04 1.205545e+04 5.988956e+04 -6.009288e+13 1.781234e+15 0.000000e+00 0.000000e+00 0.000000e+00 0.000000e+00
-5.139487e+19 -1.494102e+19 1.459725e+19 1.797288e+34 -7.038906e+03 -2.853044e+04 -2.031360e+04 -3.396753e+13 1.283898e+15 0.000000e+00 0.000000e+00 0.000000e+00 0.000000e+00
4.544386e+19 -4.390871e+18 2.406082e+19 7.393716e+34 -3.543908e+04 -2.648180e+04 -1.113845e+04 -5.050349e+13 3.740397e+13 0.000000e+00 0.000000e+00 0.000000e+00 0.000000e+00
4.295583e+19 -1.782829e+19 -5.069306e+19 1.435897e+34 -4.573360e+04 -4.018631e+02 3.033453e+04 -7.663852e+13 2.250436e+15 0.000000e+00 0.000000e+00 0.000000e+00 0.000000e+00
2.619214e+19 7.284672e+18 1.300934e+19 9.355004e+34 -2.951272e+04 4.859422e+04 1.757822e+04 -2.821795e+13 2.077135e+13 0.000000e+00 0.000000e+00 0.000000e+00 0.000000e+00
9.539525e+18 1.608770e+19 2.660390e+19 5.461863e+34 3.364687e+04 -2.234594e+04 2.877856e+04 -4.196199e+13 7.974853e+13 0.000000e+00 0.000000e+00 0.000000e+00 0.000000e+00
7.609085e+19 8.281301e+19 -9.383030e+19 1.172106e+34 -3.551405e+04 2.809743e+04 6.533635e+03 -6.067953e+13 3.738158e+15 0.000000e+00 0.000000e+00 0.000000e+00 0.000000e+00
-3.120249e+19 -2.051728e+20 -1.279863e+20 1.049765e+34 1.809337e+04 -3.921686e+04 -2.823099e+04 -8.388022e+12 4.924298e+15 0.000000e+00 0.000000e+00 0.000000e+00 0.000000e+00
6.758684e+18 -1.489756e+19 4.626193e+19 1.077367e+34 1.952633e+04 -3.181216e+04 1.602766e+04 -9.262746e+13 4.614939e+15 0.000000e+00 0.000000e+00 0.000000e+00 0.000000e+00
7.020505e+18 3.008341e+19 -2.559791e+19 1.008141e+34 -4.448141e+04 2.672649e+04 -3.922672e+04 -6.473333e+13 5.448433e+15 0.000000e+00 0.000000e+00 0.000000e+00 0.000000e+00
-5.709480e+19 -2.100526e+18 5.740318e+19 1.071667e+34 1.806237e+04 1.947505e+04 -2.176956e+04 -8.922656e+13 4.676544e+15 0.000000e+00 0.000000e+00 0.000000e+00 0.000000e+00
2.824821e+19 -4.408045e+19 -8.086823e+17 2.343802e+34 1.903100e+04 7.575585e+03 -1.662351e+04 -2.208838e+13 6.611081e+14 0.000000e+00 0.000000e+00 0.000000e+00 0.000000e+00
-1.353078e+18 -1.247264e+19 -7.350898e+18 1.051326e+34 -3.279718e+04 -6.486181e+04 1.232749e+04 -2.818302e+13 4.906040e+15 0.000000e+00 0.000000e+00 0.000000e+00 0.000000e+00
-1.956740e+19 -5.318324e+18 2.240931e+19 1.328343e+34 -5.092221e+04 2.195959e+03 -7.649962e+03 -6.325943e+13 2.734004e+15 0.000000e+00 0.000000e+00 0.000000e+00 0.000000e+00
-7.934677e+19 -5.059848e+19 -1.035646e+19 3.908575e+34 2.219547e+04 -1.075276e+04 -9.800520e+03 -3.068488e+13 1.840893e+14 0.000000e+00 0.000000e+00 0.000000e+00 0.000000e+00
-8.336568e+19 -4.383304e+18 2.475017e+18 1.012082e+34 2.391358e+04 1.000690e+04 1.123611e+04 -5.714917e+13 5.395542e+15 0.000000e+00 0.000000e+00 0.000000e+00 0.000000e+00
-4.205716e+18 1.365610e+19 -4.192422e+18 3.447261e+34 1.535681e+04 -5.094652e+04 2.559387e+04 -2.306034e+13 2.519934e+14 0.000000e+00 0.000000e+00 0.000000e+00 0.000000e+00
-3.244112e+19 -1.404385e+19 6.688300e+18 1.276392e+34 2.002294e+04 -3.403882e+04 -7.018875e+03 -5.163859e+13 3.020746e+15 0.000000e+00 0.000000e+00 0.000000e+00 0.000000e+00
-1.018445e+19 -2.520576e+19 -2.473288e+19 1.093374e+34 -1.214811e+03 -5.293278e+03 1.181298e+04 -5.560304e+13 4.447876e+15 0.000000e+00 0.000000e+00 0.000000e+00 0.000000e+00
5.860653e+19 -5.985486e+19 -1.869710e+19 2.420884e+34 4.670626e+04 3.433797e+04 -4.182356e+04 -6.175072e+12 6.097331e+14 0.000000e+00 0.000000e+00 0.000000e+00 0.000000e+00
-2.993800e+18 -3.451861e+18 1.245585e+19 2.087875e+34 2.033579e+04 4.239176e+04 1.353828e+04 -7.087283e+13 8.827003e+14 0.000000e+00 0.000000e+00 0.000000e+00 0.000000e+00
1.540593e+18 -2.201079e+19 -1.219516e+19 4.596925e+34 3.561497e+04 6.465791e+04 3.429134e+04 -8.321272e+13 1.227174e+14 0.000000e+00 0.000000e+00 0.000000e+00 0.000000e+00
6.002296e+19 9.467521e+19 3.700517e+19 2.670917e+34 8.189573e+03 3.314283e+04 5.655435e+03 -3.930555e+13 4.768962e+14 0.000000e+00 0.000000e+00 0.000000e+00 0.000000e+00
-2.931310e+19 7.221316e+18 -1.126581e+19 3.309536e+34 8.448614e+02 -1.236141e+04 5.187728e+04 -2.902402e+12 2.790338e+14 0.000000e+00 0.000000e+00 0.000000e+00 0.000000e+00
6.890971e+19 4.044971e+18 4.509823e+19 1.276633e+34 -2.660204e+04 4.902055e+04 1.722213e+04 -5.886139e+13 3.019324e+15 0.000000e+00 0.000000e+00 0.000000e+00 0.000000e+00
5.257770e+17 2.519255e+19 -2.757872e+19 1.152331e+34 -4.552960e+04 1.106886e+04 -6.749382e+04 -8.873883e+13 3.900597e+15 0.000000e+00 0.000000e+00 0.000000e+00 0.000000e+00
-1.246493e+18 -8.366663e+18 2.323025e+19 2.790314e+34 2.044782e+04 2.793398e+04 -1.836723e+04 -6.250701e+13 4.275056e+14 0.000000e+00 0.000000e+00 0.000000e+00 0.000000e+00
3.756871e+19 -1.934979e+18 -3.491681e+18 3.350219e+34 4.091726e+03 6.276433e+04 -1.554512e+04 -4.674282e+13 2.706398e+14 0.000000e+00 0.000000e+00 0.000000e+00 0.000000e+00
6.626747e+19 4.762523e+19 -5.072339e+19 1.676898e+35 -3.443790e+04 4.736838e+04 6.488413e+04 -7.928879e+13 4.828451e+12 0.000000e+00 0.000000e+00 0.000000e+00 0.000000e+00
-6.075440e+19 4.327500e+19 -1.219134e+20 1.484167e+34 1.864158e+02 3.204717e+04 4.464557e+04 -3.234627e+13 2.071895e+15 0.000000e+00 0.000000e+00 0.000000e+00 0.000000e+00
3.023444e+19 -9.291105e+19 -8.594865e+19 1.411690e+34 -2.412743e+04 -1.672419e+04 4.104169e+04 -2.129258e+11 2.348153e+15 0.000000e+00 0.000000e+00 0.000000e+00 0.000000e+00
1.459102e+19 4.910994e+19 2.027691e+18 3.018379e+34 5.497122e+04 1.743037e+04 -2.773390e+04 -5.186983e+13 3.512692e+14 0.000000e+00 0.000000e+00 0.000000e+00 0.000000e+00
-7.571562e+19 -2.730496e+19 -2.775497e+19 1.361239e+34 6.481325e+04 -1.821216e+04 -9.985925e+03 -6.104784e+13 2.571810e+15 0.000000e+00 0.000000e+00 0.000000e+00 0.000000e+00
-2.760652e+18 -2.585627e+19 2.270787e+19 6.671141e+34 1.122088e+04 4.973065e+04 2.876067e+04 -5.669818e+13 4.836980e+13 0.000000e+00 0.000000e+00 0.000000e+00 0.000000e+00
-3.105204e+19 -2.771964e+19 -5.809323e+18 4.163865e+34 1.358415e+04 1.418521e+04 2.352249e+03 -8.371425e+13 1.571568e+14 0.000000e+00 0.000000e+00 0.000000e+00 0.000000e+00
5.641663e+19 1.374821e+20 -8.638841e+19 1.515899e+34 1.825265e+04 -8.333505e+04 -8.730437e+03 -1.104325e+13 1.965166e+15 0.000000e+00 0.000000e+00 0.000000e+00 0.000000e+00
-6.838207e+18 8.771915e+18 2.680471e+18 2.792387e+34 7.929332e+03 -3.841591e+04 1.352247e+04 -5.536217e+13 4.267129e+14 0.000000e+00 0.000000e+00 0.000000e+00 0.000000e+00
4.452701e+18 -2.065556e+19 9.597607e+18 2.822467e+34 -6.596583e+03 5.629040e+04 5.219030e+04 -5.796874e+13 4.154345e+14 0.000000e+00 0.000000e+00 0.000000e+00 0.000000e+00
-2.444978e+19 -8.668469e+18 -2.315536e+19 1.079495e+34 -1.511201e+04 -5.825738e+03 -1.475191e+03 -3.219602e+13 4.592226e+15 0.000000e+00 0.000000e+00 0.000000e+00 0.000000e+00
1.103342e+19 3.626737e+17 -9.823307e+18 5.358247e+34 -1.465107e+04 5.444000e+03 -2.377384e+04 -5.278810e+13 8.365998e+13 0.000000e+00 0.000000e+00 0.000000e+00 0.000000e+00
8.424090e+17 -1.217935e+19 -3.009530e+19 1.687067e+34 -3.677446e+04 1.937991e+04 2.144721e+04 -3.327993e+13 1.503987e+15 0.000000e+00 0.000000e+00 0.000000e+00 0.000000e+00
6.178492e+19 1.393753e+19 3.398468e+19 3.613516e+34 -2.614218e+04 2.826387e+04 -1.964525e+04 -8.879469e+13 2.240008e+14 0.000000e+00 0.000000e+00 0.000000e+00 0.000000e+00
-1.356769e+18 -5.060331e+19 1.755274e+19 1.329919e+34 8.315239e+03 2.581966e+04 -1.608983e+02 -1.762326e+13 2.725912e+15 0.000000e+00 0.000000e+00 0.000000e+00 0.000000e+00
4.954477e+19 1.609778e+20 -8.556846e+18 5.116739e+34 1.488347e+04 -1.773834e+04 -5.467403e+03 -5.628802e+12 9.388399e+13 0.000000e+00 0.000000e+00 0.000000e+00 0.000000e+00
8.733100e+19 -2.355316e+19 8.583193e+19 1.441352e+34 -6.641818e+03 -2.523761e+04 -4.825737e+03 -3.322960e+13 2.229203e+15 0.000000e+00 0.000000e+00 0.000000e+00 0.000000e+00
-2.470719e+19 2.700224e+19 2.827396e+19 1.002441e+34 -5.039485e+04 -1.691474e+04 -8.348157e+03 -4.298427e+12 5.526214e+15 0.000000e+00 0.000000e+00 0.000000e+00 0.000000e+00
-1.793253e+19 3.416313e+19 6.684681e+18 5.463050e+34 -8.281476e+03 -8.779834e+03 -1.078203e+03 -8.028129e+13 7.970523e+13 0.000000e+00 0.000000e+00 0.000000e+00 0.000000e+00
1.992963e+19 2.703160e+19 3.657083e+19 1.068853e+34 1.568832e+04 2.758486e+04 -2.023788e+04 -4.944061e+13 4.707384e+15 0.000000e+00 0.000000e+00 0.000000e+00 0.000000e+00
-2.017206e+19 5.536961e+19 -4.287420e+19 1.328838e+34 -3.913962e+04 -3.486520e+04 -1.494088e+04 -3.767227e+13 2.731456e+15 0.000000e+00 0.000000e+00 0.000000e+00 0.000000e+00
1.796938e+19 -1.760044e+19 -3.096225e+19 8.121167e+34 -1.140116e+04 -2.600066e+04 -4.129887e+04 -3.957106e+13 2.958207e+13 0.000000e+00 0.000000e+00 0.000000e+00 0.000000e+00
6.906470e+19 -1.590982e+18 -3.583896e+19 8.172944e+34 -1.479644e+04 5.000905e+03 2.032304e+04 -5.662650e+13 2.911577e+13 0.000000e+00 0.000000e+00 0.000000e+00 0.000000e+00
-1.646328e+19 1.790906e+19 -4.644005e+19 1.883522e+34 -1.809732e+04 -1.436808e+04 -2.926159e+04 -6.262251e+13 1.141952e+15 0.000000e+00 0.000000e+00 0.000000e+00 0.000000e+00
-6.420473e+19 2.148282e+19 4.228795e+18 2.099955e+34 -9.584330e+02 -2.855634e+04 1.960939e+04 -8.260943e+13 8.700609e+14 0.000000e+00 0.000000e+00 0.000000e+00 0.000000e+00
-4.680959e+18 -2.640027e+19 4.804141e+19 1.555685e+34 -5.812544e+04 -1.262910e+04 1.074576e+04 -5.754603e+13 1.841920e+15 0.000000e+00 0.000000e+00 0.000000e+00 0.000000e+00
1.237184e+19 -1.074312e+19 -3.882487e+19 1.291784e+34 6.056137e+03 8.684019e+04 1.233238e+04 -7.921899e+13 2.931569e+15 0.000000e+00 0.000000e+00 0.000000e+00 0.000000e+00
-1.362715e+20 -9.018232e+19 -1.886028e+20 1.342717e+34 -3.265055e+04 -4.021426e+03 -5.694362e+04 -2.513113e+13 2.661422e+15 0.000000e+00 0.000000e+00 0.000000e+00 0.000000e+00
-8.236735e+19 6.682065e+19 -1.018650e+19 2.288604e+34 -2.560302e+03 -2.805543e+04 3.076182e+04 -7.485092e+13 7.016943e+14 0.000000e+00 0.000000e+00 0.000000e+00 0.000000e+00
-1.218592e+19 7.454715e+18 2.494172e+19 2.804614e+34 -1.784046e+04 -4.715528e+03 -1.977494e+04 -8.906725e+13 4.220773e+14 0.000000e+00 0.000000e+00 0.000000e+00 0.000000e+00
-4.693424e+19 -1.319709e+20 -5.538087e+19 3.173874e+34 5.672547e+04 -1.137829e+04 6.064717e+04 -4.234974e+13 3.098136e+14 0.000000e+00 0.000000e+00 0.000000e+00 0.000000e+00
6.030439e+19 1.219578e+18 8.728512e+17 3.152735e+34 2.659466e+04 1.479709e+04 1.294931e+04 -3.829451e+13 3.150329e+14 0.000000e+00 0.000000e+00 0.000000e+00 0.000000e+00
-4.967844e+19 -4.641053e+19 -1.561332e+20 1.068781e+34 1.289765e+04 -6.372289e+04 -8.152908e+03 -1.211805e+13 4.708172e+15 0.000000e+00 0.000000e+00 0.000000e+00 0.000000e+00
-5.162996e+19 6.613689e+19 -8.301015e+19 1.660067e+34 2.760498e+04 -2.504064e+03 -4.485296e+04 -4.002092e+13 1.565888e+15 0.000000e+00 0.000000e+00 0.000000e+00 0.000000e+00
3.397111e+18 -1.191694e+19 5.250351e+19 1.039810e+34 -1.641575e+03 5.461653e+04 4.156360e+04 -6.192275e+13 5.043004e+15 0.000000e+00 0.000000e+00 0.000000e+00 0.000000e+00
4.257537e+18 2.815506e+18 1.293933e+19 1.808864e+34 -1.954371e+03 3.009165e+04 -1.100807e+04 -1.863665e+13 1.263456e+15 0.000000e+00 0.000000e+00 0.000000e+00 0.000000e+00
-4.762672e+18 -2.947555e+18 -3.954901e+19 1.541268e+34 -5.545369e+04 -3.103397e+04 5.186019e+04 -4.349329e+13 1.885295e+15 0.000000e+00 0.000000e+00 0.000000e+00 0.000000e+00
-2.830089e+19 3.399607e+18 6.013436e+19 4.875738e+34 -8.861914e+03 -8.841305e+03 -8.835708e+03 -8.710745e+13 1.059190e+14 0.000000e+00 0.000000e+00 0.000000e+00 0.000000e+00
-4.768083e+19 -5.938188e+19 2.206065e+19 1.377123e+34 6.211120e+04 5.207016e+04 7.323203e+04 -4.107401e+13 2.498290e+15 0.000000e+00 0.000000e+00 0.000000e+00 0.000000e+00
2.426432e+19 1.047362e+19 2.871835e+19 1.092347e+34 -5.116403e+03 8.721977e+03 -4.848458e+04 -8.702181e+12 4.458337e+15 0.000000e+00 0.000000e+00 0.000000e+00 0.000000e+00
-2.502374e+19 -1.375360e+19 -2.595400e+18 1.117206e+34 4.819106e+04 -3.896221e+04 7.997856e+03 -5.711366e+13 4.214456e+15 0.000000e+00 0.000000e+00 0.000000e+00 0.000000e+00
-1.224732e+20 -4.981701e+19 4.126137e+18 2.881651e+34 -3.568898e+04 -2.009867e+04 -2.634737e+04 -6.657321e+13 3.944313e+14 0.000000e+00 0.000000e+00 0.000000e+00 0.000000e+00
-4.275562e+20 -1.713361e+20 -1.027728e+19 2.044473e+34 -1.974127e+04 -1.847778e+04 -1.693068e+04 -8.103464e+13 9.302966e+14 0.000000e+00 0.000000e+00 0.000000e+00 0.000000e+00
-4.849888e+19 -3.688683e+19 2.157166e+19 1.077679e+34 2.721970e+04 -3.691210e+04 8.120564e+03 -8.028004e+13 4.611598e+15 0.000000e+00 0.000000e+00 0.000000e+00 0.000000e+00
-9.769862e+18 -1.961971e+19 -2.278543e+19 1.062515e+34 3.975250e+04 -1.763299e+04 -2.245863e+04 -5.366436e+13 4.777900e+15 0.000000e+00 0.000000e+00 0.000000e+00 0.000000e+00
4.648992e+18 -1.291587e+19 -3.783899e+19 2.445836e+34 -7.445519e+03 3.752989e+04 7.259234e+03 -3.825192e+13 5.943008e+14 0.000000e+00 0.000000e+00 0.000000e+00 0.000000e+00
-1.484198e+18 1.185603e+19 -4.971352e+18 1.052675e+34 -1.724332e+04 1.485607e+04 -3.498321e+04 -8.698114e+13 4.890336e+15 0.000000e+00 0.000000e+00 0.000000e+00 0.000000e+00
7.900101e+19 -1.549293e+20 7.802905e+19 3.547620e+34 2.226770e+04 1.240346e+04 -9.095415e+03 -5.717295e+12 2.345481e+14 0.000000e+00 0.000000e+00 0.000000e+00 0.000000e+00
-2.134600e+19 2.339588e+17 -1.585670e+19 2.477768e+34 -2.725884e+04 -2.980277e+04 1.836107e+04 -2.316632e+13 5.753378e+14 0.000000e+00 0.000000e+00 0.000000e+00 0.000000e+00
5.893747e+19 3.099666e+19 2.462720e+19 1.060103e+34 4.011162e+04 -2.167709e+04 1.587062e+04 -3.910868e+13 4.805121e+15 0.000000e+00 0.000000e+00 0.000000e+00 0.000000e+00
1.287961e+19 4.964235e+18 3.796939e+19 1.063156e+34 -6.793859e+04 -1.996021e+04 -7.768965e+01 -1.623107e+13 4.770698e+15 0.000000e+00 0.000000e+00 0.000000e+00 0.000000e+00
-2.006032e+19 3.429367e+19 -5.531315e+19 1.506237e+35 -2.957552e+04 -3.142630e+04 -2.082487e+04 -8.702169e+13 6.314532e+12 0.000000e+00 0.000000e+00 0.000000e+00 0.000000e+00
1.678640e+19 -7.532702e+19 2.838601e+19 1.415498e+34 9.586928e+03 -7.014787e+03 -7.199714e+04 -4.949523e+13 2.332390e+15 0.000000e+00 0.000000e+00 0.000000e+00 0.000000e+00
-3.392215e+19 -1.245547e+20 -1.461550e+19 1.409375e+34 -6.903581e+04 -2.068513e+04 1.584780e+04 -3.499615e+13 2.357806e+15 0.000000e+00 0.000000e+00 0.000000e+00 0.000000e+00
5.632499e+18 -2.275751e+19 2.550952e+19 3.425496e+34 -8.945988e+04 -1.719420e+04 -1.621314e+04 -1.621081e+13 2.560153e+14 0.000000e+00 0.000000e+00 0.000000e+00 0.000000e+00
-8.187613e+18 -8.918973e+17 -6.964489e+18 7.865503e+34 4.530419e+04 -1.345649e+04 1.341383e+04 -2.048551e+13 3.204486e+13 0.000000e+00 0.000000e+00 0.000000e+00 0.000000e+00
-2.441355e+19 9.630717e+18 1.095645e+19 1.481778e+35 4.668778e+03 -7.033407e+04 2.596594e+04 -6.839503e+13 6.578351e+12 0.000000e+00 0.000000e+00 0.000000e+00 0.000000e+00
7.758230e+19 1.032658e+20 1.185618e+20 2.812845e+34 7.084566e+03 1.565087e+04 1.288686e+05 -5.593209e+12 4.189963e+14 0.000000e+00 0.000000e+00 0.000000e+00 0.000000e+00
-3.328343e+19 6.220520e+19 1.371364e+20 1.418880e+34 -6.784363e+04 5.528748e+04 -8.431965e+03 -8.284389e+13 2.318516e+15 0.000000e+00 0.000000e+00 0.000000e+00 0.000000e+00
-6.291212e+19 2.768596e+19 2.707484e+19 1.061984e+34 9.428443e+03 -2.393768e+03 -1.288915e+04 -1.181336e+13 4.783875e+15 0.000000e+00 0.000000e+00 0.000000e+00 0.000000e+00
6.309469e+19 3.926711e+19 -4.199264e+17 3.025502e+34 -1.850169e+04 9.826076e+03 -4.850189e+04 -2.749285e+12 3.492055e+14 0.000000e+00 0.000000e+00 0.000000e+00 0.000000e+00
1.509407e+19 8.081281e+19 1.993824e+19 1.835773e+34 2.452319e+04 -1.447223e+04 -3.588832e+04 -7.784786e+13 1.217664e+15 0.000000e+00 0.000000e+00 0.000000e+00 0.000000e+00
-1.758408e+19 -1.247840e+19 2.356785e+19 1.506492e+34 -1.459742e+04 4.005271e+04 -1.650924e+04 -2.629477e+13 1.995987e+15 0.000000e+00 0.000000e+00 0.000000e+00 0.000000e+00
-1.698757e+19 -1.880701e+20 2.693724e+19 5.500172e+34 1.174600e+04 -2.472857e+04 2.563080e+04 -9.079667e+13 7.836714e+13 0.000000e+00 0.000000e+00 0.000000e+00 0.000000e+00
1.830443e+19 -1.900597e+17 -5.008135e+19 1.086894e+34 2.240287e+04 5.932509e+04 -4.786303e+03 -5.625176e+13 4.514468e+15 0.000000e+00 0.000000e+00 0.000000e+00 0.000000e+00
2.313328e+19 -1.033794e+19 4.306769e+19 1.655688e+34 2.185373e+04 2.284697e+03 4.315959e+04 -4.576347e+13 1.576263e+15 0.000000e+00 0.000000e+00 0.000000e+00 0.000000e+00
-3.692267e+19 -4.612574e+19 2.420191e+19 1.002837e+34 -2.335675e+04 2.336479e+04 -5.409752e+03 -3.967432e+13 5.520762e+15 0.000000e+00 0.000000e+00 0.000000e+00 0.000000e+00
-1.506337e+19 8.127992e+18 6.458362e+18 1.599671e+34 -2.025541e+03 2.078925e+03 9.153457e+03 -6.060849e+12 1.717901e+15 0.000000e+00 0.000000e+00 0.000000e+00 0.000000e+00
-1.679419e+19 -1.933576e+19 -1.770480e+19 1.038764e+34 -3.721263e+03 6.085529e+03 5.235642e+04 -3.100771e+13 5.055712e+15 0.000000e+00 0.000000e+00 0.000000e+00 0.000000e+00
2.102296e+19 -9.227509e+19 3.171773e+19 1.093986e+34 3.217631e+04 2.741013e+04 -1.390915e+04 -4.907526e+13 4.441659e+15 0.000000e+00 0.000000e+00 0.000000e+00 0.000000e+00
1.647314e+19 1.514838e+19 -4.861288e+18 1.092776e+34 -2.890941e+04 3.021715e+04 2.947983e+04 -1.800626e+13 4.453960e+15 0.000000e+00 0.000000e+00 0.000000e+00 0.000000e+00
-6.009080e+19 3.818517e+19 2.259291e+19 2.175990e+34 4.805213e+04 -2.059114e+04 -6.545364e+03 -4.679991e+12 7.960354e+14 0.000000e+00 0.000000e+00 0.000000e+00 0.000000e+00
1.253067e+19 -1.979950e+19 -2.987129e+19 2.753952e+34 -5.335566e+04 -1.369922e+04 3.340703e+04 -9.252037e+13 4.417575e+14 0.000000e+00 0.000000e+00 0.000000e+00 0.000000e+00
-3.573635e+19 3.197459e+19 1.595407e+19 1.916668e+34 -1.513449e+04 1.995889e+04 -5.273087e+03 -1.653627e+12 1.093219e+15 0.000000e+00 0.000000e+00 0.000000e+00 0.000000e+00
-1.814119e+18 -8.798722e+17 4.159857e+19 9.485234e+34 1.062521e+04 -3.830765e+04 3.710849e+03 -8.645921e+13 2.006571e+13 0.000000e+00 0.000000e+00 0.000000e+00 0.000000e+00
-1.732592e+19 -1.065771e+19 -4.290111e+19 1.416516e+34 -9.739846e+04 -7.000682e+03 -5.219369e+04 -1.756050e+13 2.328202e+15 0.000000e+00 0.000000e+00 0.000000e+00 0.000000e+00
1.139800e+19 2.610320e+19 9.100522e+19 1.281573e+34 3.936264e+04 2.442060e+04 1.614056e+04 -6.808609e+13 2.990312e+15 0.000000e+00 0.000000e+00 0.000000e+00 0.000000e+00
-2.698220e+19 3.169864e+19 -7.888292e+18 4.383021e+34 4.962711e+04 -3.183068e+04 5.787118e+04 -8.210275e+13 1.382423e+14 0.000000e+00 0.000000e+00 0.000000e+00 0.000000e+00
-2.367036e+19 4.030635e+19 5.165860e+19 1.203604e+34 3.044092e+04 -8.618796e+03 3.793788e+04 -5.299414e+13 3.498371e+15 0.000000e+00 0.000000e+00 0.000000e+00 0.000000e+00
4.811551e+19 7.992060e+18 3.337974e+19 9.629188e+34 -3.598195e+04 -2.777710e+04 -1.889620e+04 -3.368456e+13 1.932416e+13 0.000000e+00 0.000000e+00 0.000000e+00 0.000000e+00
8.262615e+19 1.265691e+19 1.130578e+19 1.003452e+34 -1.717044e+04 -3.533810e+04 4.078781e+04 -5.856691e+13 5.512305e+15 0.000000e+00 0.000000e+00 0.000000e+00 0.000000e+00
9.680202e+19 -1.717193e+20 1.069544e+20 1.067419e+35 -8.368628e+03 1.057540e+04 -1.765023e+04 -8.944568e+13 1.493610e+13 0.000000e+00 0.000000e+00 0.000000e+00 0.000000e+00
-9.295482e+18 6.367548e+19 7.455897e+19 1.027955e+34 -5.925732e+04 7.888887e+03 -6.137539e+04 -3.789418e+13 5.189661e+15 0.000000e+00 0.000000e+00 0.000000e+00 0.000000e+00
-3.449690e+19 -3.935522e+18 -6.782439e+18 4.978452e+34 -2.170407e+03 -4.549654e+04 6.568860e+04 -9.233431e+12 1.005400e+14 0.000000e+00 0.000000e+00 0.000000e+00 0.000000e+00
-4.434574e+18 1.402948e+19 -5.424889e+18 1.746379e+34 2.976223e+04 2.535149e+03 4.211151e+04 -5.835276e+13 1.379522e+15 0.000000e+00 0.000000e+00 0.000000e+00 0.000000e+00
3.457146e+19 -1.351742e+19 1.320614e+19 1.811155e+35 -2.751073e+04 1.679819e+04 7.445057e+03 -7.414119e+13 3.982771e+12 0.000000e+00 0.000000e+00 0.000000e+00 0.000000e+00
-3.383263e+18 5.785355e+19 4.528097e+19 1.053563e+34 8.668938e+03 4.054813e+04 2.480218e+04 -5.273664e+13 4.880040e+15 0.000000e+00 0.000000e+00 0.000000e+00 0.000000e+00
-1.457886e+19 6.898726e+18 9.937716e+18 1.821864e+34 9.473890e+03 -5.483434e+04 -3.034821e+04 -9.003250e+13 1.241038e+15 0.000000e+00 0.000000e+00 0.000000e+00 0.000000e+00
3.431782e+19 -3.531088e+19 3.651199e+19 1.057341e+35 -3.932406e+03 2.131708e+03 -3.589269e+04 -1.698331e+13 1.529456e+13 0.000000e+00 0.000000e+00 0.000000e+00 0.000000e+00
3.995905e+19 -6.130622e+19 -9.507138e+18 1.733828e+34 7.864910e+04 4.850006e+04 2.055403e+04 -1.642955e+13 1.404623e+15 0.000000e+00 0.000000e+00 0.000000e+00 0.000000e+00
1.375114e+19 3.239018e+19 2.897565e+19 2.089767e+34 2.413274e+03 -7.825486e+03 -3.008337e+04 -3.897845e+13 8.807041e+14 0.000000e+00 0.000000e+00 0.000000e+00 0.000000e+00
2.295285e+19 -6.684331e+19 -8.253687e+19 2.415140e+34 2.590653e+03 7.487942e+03 -3.952771e+04 -6.120164e+13 6.133650e+14 0.000000e+00 0.000000e+00 0.000000e+00 0.000000e+00
-2.449603e+19 6.587856e+18 2.266046e+18 1.568653e+34 1.095494e+04 -5.969805e+03 -6.123047e+04 -1.894210e+13 1.804087e+15 0.000000e+00 0.000000e+00 0.000000e+00 0.000000e+00
-3.311937e+18 3.557685e+17 -2.175734e+19 2.082152e+34 -2.796916e+04 -1.438788e+04 6.244357e+04 -4.213017e+13 8.887784e+14 0.000000e+00 0.000000e+00 0.000000e+00 0.000000e+00
6.100068e+19 6.787377e+19 -3.418876e+19 1.919895e+34 1.820096e+04 -4.442668e+04 1.677156e+04 -1.646820e+13 1.088632e+15 0.000000e+00 0.000000e+00 0.000000e+00 0.000000e+00
5.157716e+19 2.860916e+19 -1.634607e+19 5.308253e+34 -5.035202e+04 3.436809e+04 -1.441698e+04 -3.486695e+13 8.564372e+13 0.000000e+00 0.000000e+00 0.000000e+00 0.000000e+00
-1.202233e+19 -8.617785e+19 -1.847116e+19 1.029817e+34 -2.985087e+03 4.228955e+04 -4.100714e+04 -2.039697e+13 5.166238e+15 0.000000e+00 0.000000e+00 0.000000e+00 0.000000e+00
-5.050789e+19 1.123240e+18 2.145780e+19 1.275202e+34 -4.545830e+04 -1.992703e+04 3.476933e+04 -3.797915e+13 3.027802e+15 0.000000e+00 0.000000e+00 0.000000e+00 0.000000e+00
-3.421489e+19 1.433609e+19 -8.481661e+18 8.154275e+34 -4.944103e+04 -9.319495e+04 -1.376641e+04 -5.542694e+13 2.928271e+13 0.000000e+00 0.000000e+00 0.000000e+00 0.000000e+00
-1.601218e+19 -1.236750e+20 -1.286446e+19 4.951716e+34 1.804415e+04 3.819907e+04 -1.415750e+04 -3.978658e+12 1.019026e+14 0.000000e+00 0.000000e+00 0.000000e+00 0.000000e+00
9.763427e+18 -9.985068e+19 -6.187199e+19 1.571054e+34 -1.334011e+04 3.668842e+04 -5.999012e+04 -4.341430e+13 1.797203e+15 0.000000e+00 0.000000e+00 0.000000e+00 0.000000e+00
4.725614e+19 7.334669e+19 -2.286487e+19 2.052068e+34 -1.259373e+04 5.294076e+03 1.557188e+04 -3.736169e+13 9.217120e+14 0.000000e+00 0.000000e+00 0.000000e+00 0.000000e+00
-2.595520e+19 -2.153393e+19 -2.194836e+19 1.270444e+34 -1.654577e+04 2.114631e+02 -8.014638e+04 -7.374811e+13 3.056229e+15 0.000000e+00 0.000000e+00 0.000000e+00 0.000000e+00
2.503838e+19 2.852817e+19 -6.219988e+19 1.163747e+34 -2.138265e+04 1.386654e+04 -3.107314e+04 -3.541643e+13 3.805645e+15 0.000000e+00 0.000000e+00 0.000000e+00 0.000000e+00
4.053501e+17 -4.691479e+19 9.921577e+18 1.588610e+34 1.987962e+03 1.365031e+04 -1.022742e+04 -4.052934e+13 1.747959e+15 0.000000e+00 0.000000e+00 0.000000e+00 0.000000e+00
-1.241047e+19 -1.875292e+19 8.033686e+18 1.381016e+34 5.620459e+03 -3.228087e+04 -5.797963e+03 -7.712081e+13 2.480723e+15 0.000000e+00 0.000000e+00 0.000000e+00 0.000000e+00
1.817224e+20 -5.080187e+19 4.643883e+19 1.917648e+34 1.994954e+04 4.204097e+03 -1.817744e+04 -8.897058e+13 1.091824e+15 0.000000e+00 0.000000e+00 0.000000e+00 0.000000e+00
2.573712e+19 1.190579e+19 -2.075975e+18 1.056962e+34 7.371958e+03 2.237437e+04 -6.586182e+04 -3.743077e+13 4.840904e+15 0.000000e+00 0.000000e+00 0.000000e+00 0.000000e+00
2.310392e+20 8.656451e+19 -6.111196e+19 1.154807e+35 3.783376e+04 -1.186745e+04 1.479869e+04 -2.235660e+13 1.226877e+13 0.000000e+00 0.000000e+00 0.000000e+00 0.000000e+00
-7.727758e+18 3.768895e+19 4.069510e+19 1.489709e+35 3.907760e+04 -4.560598e+04 -2.218238e+04 -4.509004e+13 6.491144e+12 0.000000e+00 0.000000e+00 0.000000e+00 0.000000e+00
